1MS1 1MXY1_Y 1MXY1_X 1MS2 1MXY2_Y 1MXY2_X 1MXY3_Y 1MXY3_X 1MS3 1MXY4_Y 1MXY4_X 1MS4 1MS5 1MS6 1MXY5_Y 1MXY5_X 1MXY6_Y 1MXY6_X 1MS7 1MS8 1BPM3_X 1BPM3_Y 1BPM3_SUM time milliseconds
6.039999961853027 0.11760000139474869 -0.1842000037431717 7.230000019073486 0.051600001752376556 0.08160000294446945 0.03660000115633011 -0.2874000072479248 5.050000190734863 0.15539999306201935 0.27900001406669617 4.926000118255615 1.215999960899353 4.699999809265137 -0.24779999256134033 -0.0851999968290329 0.2531999945640564 0.2777999937534332 2.7079999446868896 0.9900000095367432 1.3374475240707397 6.457681179046631 2424.5 2025_05_14_15:21:30 -232.123046875
6.039999961853027 0.11760000139474869 -0.1842000037431717 7.230000019073486 0.051600001752376556 0.08160000294446945 0.03660000115633011 -0.2874000072479248 5.050000190734863 0.15539999306201935 0.27900001406669617 4.926000118255615 1.215999960899353 4.699999809265137 -0.24779999256134033 -0.0851999968290329 0.2531999945640564 0.2777999937534332 2.7079999446868896 0.9900000095367432 1.3125330209732056 6.47406005859375 2422.666748046875 2025_05_14_15:21:31 -1101.465087890625
6.039999961853027 0.11760000139474869 -0.1842000037431717 7.230000019073486 0.051600001752376556 0.08160000294446945 0.03660000115633011 -0.2874000072479248 5.050000190734863 0.15539999306201935 0.27900001406669617 4.926000118255615 1.215999960899353 4.699999809265137 -0.24779999256134033 -0.0851999968290329 0.2531999945640564 0.2777999937534332 2.7079999446868896 0.9900000095367432 1.304090142250061 6.46901798248291 2422.125 2025_05_14_15:21:31 -1505.27734375
6.039999961853027 0.11760000139474869 -0.1842000037431717 7.230000019073486 0.051600001752376556 0.08160000294446945 0.03660000115633011 -0.2874000072479248 5.050000190734863 0.15539999306201935 0.27900001406669617 4.926000118255615 1.215999960899353 4.699999809265137 -0.24779999256134033 -0.0851999968290329 0.2531999945640564 0.2777999937534332 2.7079999446868896 0.9900000095367432 1.2826000452041626 6.414178371429443 2431.0 2025_05_14_15:21:32 -2919.347900390625
6.039999961853027 0.11760000139474869 -0.1842000037431717 7.230000019073486 0.051600001752376556 0.08160000294446945 0.03660000115633011 -0.2874000072479248 5.050000190734863 0.15539999306201935 0.27900001406669617 4.926000118255615 1.215999960899353 4.699999809265137 -0.24779999256134033 -0.0851999968290329 0.2531999945640564 0.2777999937534332 2.7079999446868896 0.9900000095367432 1.2879807949066162 6.416234016418457 2431.684326171875 2025_05_14_15:21:33 -3625.346923828125
6.039999961853027 0.11760000139474869 -0.1842000037431717 7.230000019073486 0.051600001752376556 0.08160000294446945 0.03660000115633011 -0.2874000072479248 5.050000190734863 0.15539999306201935 0.27900001406669617 4.926000118255615 1.215999960899353 4.699999809265137 -0.24779999256134033 -0.0851999968290329 0.2531999945640564 0.2777999937534332 2.7079999446868896 0.9900000095367432 1.2902473211288452 6.415000915527344 2431.0 2025_05_14_15:21:34 -4432.9052734375
6.039999961853027 0.11760000139474869 -0.1842000037431717 7.230000019073486 0.051600001752376556 0.08160000294446945 0.03660000115633011 -0.2874000072479248 5.050000190734863 0.15539999306201935 0.27900001406669617 4.926000118255615 1.215999960899353 4.699999809265137 -0.24779999256134033 -0.0851999968290329 0.2531999945640564 0.2777999937534332 2.7079999446868896 0.9900000095367432 1.2975276708602905 6.418623924255371 2430.380859375 2025_05_14_15:21:35 -5240.94140625
6.039999961853027 0.11760000139474869 -0.1842000037431717 7.230000019073486 0.051600001752376556 0.08160000294446945 0.03660000115633011 -0.2874000072479248 5.050000190734863 0.15539999306201935 0.27900001406669617 4.926000118255615 1.215999960899353 4.699999809265137 -0.24779999256134033 -0.0851999968290329 0.2531999945640564 0.2777999937534332 2.7079999446868896 0.9900000095367432 1.2860621213912964 6.434218883514404 2428.4091796875 2025_05_14_15:21:35 -5846.155029296875
6.039999961853027 0.11760000139474869 -0.1842000037431717 7.230000019073486 0.051600001752376556 0.08160000294446945 0.03660000115633011 -0.2874000072479248 5.050000190734863 0.15539999306201935 0.27900001406669617 4.926000118255615 1.215999960899353 4.699999809265137 -0.24779999256134033 -0.0851999968290329 0.2531999945640564 0.2777999937534332 2.7079999446868896 0.9900000095367432 1.2746508121490479 6.453708171844482 2427.13037109375 2025_05_14_15:21:36 -6652.828369140625
6.039999961853027 0.11760000139474869 -0.1842000037431717 7.230000019073486 0.051600001752376556 0.08160000294446945 0.03660000115633011 -0.2874000072479248 5.050000190734863 0.15539999306201935 0.27900001406669617 4.926000118255615 1.215999960899353 4.699999809265137 -0.24779999256134033 -0.0851999968290329 0.2531999945640564 0.2777999937534332 2.7079999446868896 0.9900000095367432 1.2691123485565186 6.453345775604248 2426.708251953125 2025_05_14_15:21:37 -7461.006591796875
6.039999961853027 0.11760000139474869 -0.1842000037431717 7.230000019073486 0.051600001752376556 0.08160000294446945 0.03660000115633011 -0.2874000072479248 5.050000190734863 0.15539999306201935 0.27900001406669617 4.926000118255615 1.215999960899353 4.699999809265137 -0.24779999256134033 -0.0851999968290329 0.2531999945640564 0.2777999937534332 2.7079999446868896 0.9900000095367432 1.2756916284561157 6.459660053253174 2426.320068359375 2025_05_14_15:21:38 -8274.325927734375
6.039999961853027 0.11760000139474869 -0.1842000037431717 7.230000019073486 0.051600001752376556 0.08160000294446945 0.03660000115633011 -0.2874000072479248 5.050000190734863 0.15539999306201935 0.27900001406669617 4.926000118255615 1.215999960899353 4.699999809265137 -0.24779999256134033 -0.0851999968290329 0.2531999945640564 0.2777999937534332 2.7079999446868896 0.9900000095367432 1.2727344036102295 6.4633684158325195 2426.46142578125 2025_05_14_15:21:38 -8885.16845703125
6.039999961853027 0.11760000139474869 -0.1842000037431717 7.230000019073486 0.051600001752376556 0.08160000294446945 0.03660000115633011 -0.2874000072479248 5.050000190734863 0.15539999306201935 0.27900001406669617 4.926000118255615 1.215999960899353 4.699999809265137 -0.24779999256134033 -0.0851999968290329 0.2531999945640564 0.2777999937534332 2.7079999446868896 0.9900000095367432 1.270279884338379 6.4591064453125 2426.0 2025_05_14_15:21:39 -9694.009033203125
6.039999961853027 0.11760000139474869 -0.1842000037431717 7.230000019073486 0.051600001752376556 0.08160000294446945 0.03660000115633011 -0.2874000072479248 5.050000190734863 0.15539999306201935 0.27900001406669617 4.926000118255615 1.215999960899353 4.699999809265137 -0.24779999256134033 -0.0851999968290329 0.2531999945640564 0.2777999937534332 2.7079999446868896 0.9900000095367432 1.2593008279800415 6.4699249267578125 2425.178466796875 2025_05_14_15:21:40 -10501.87548828125
6.039999961853027 0.11760000139474869 -0.1842000037431717 7.230000019073486 0.051600001752376556 0.08160000294446945 0.03660000115633011 -0.2874000072479248 5.050000190734863 0.15539999306201935 0.27900001406669617 4.926000118255615 1.215999960899353 4.699999809265137 -0.24779999256134033 -0.0851999968290329 0.2531999945640564 0.2777999937534332 2.7079999446868896 0.9900000095367432 1.268609881401062 6.465128421783447 2426.137939453125 2025_05_14_15:21:41 -11107.294677734375
6.039999961853027 0.11760000139474869 -0.1842000037431717 7.230000019073486 0.051600001752376556 0.08160000294446945 0.03660000115633011 -0.2874000072479248 5.050000190734863 0.15539999306201935 0.27900001406669617 4.926000118255615 1.215999960899353 4.699999809265137 -0.24779999256134033 -0.0851999968290329 0.2531999945640564 0.2777999937534332 2.7079999446868896 0.9900000095367432 1.2704542875289917 6.469967365264893 2425.36669921875 2025_05_14_15:21:41 -11918.0576171875
6.039999961853027 0.11760000139474869 -0.1842000037431717 7.230000019073486 0.051600001752376556 0.08160000294446945 0.03660000115633011 -0.2874000072479248 5.050000190734863 0.15539999306201935 0.27900001406669617 4.926000118255615 1.215999960899353 4.699999809265137 -0.24779999256134033 -0.0851999968290329 0.2531999945640564 0.2777999937534332 2.7079999446868896 0.9900000095367432 1.2658600807189941 6.470461845397949 2425.129150390625 2025_05_14_15:21:42 -12724.8896484375
6.039999961853027 0.11760000139474869 -0.1842000037431717 7.230000019073486 0.051600001752376556 0.08160000294446945 0.03660000115633011 -0.2874000072479248 5.050000190734863 0.15539999306201935 0.27900001406669617 4.926000118255615 1.215999960899353 4.699999809265137 -0.24779999256134033 -0.0851999968290329 0.2531999945640564 0.2777999937534332 2.7079999446868896 0.9900000095367432 1.254926323890686 6.468436241149902 2424.1875 2025_05_14_15:21:43 -13430.76220703125
6.039999961853027 0.11760000139474869 -0.1842000037431717 7.230000019073486 0.051600001752376556 0.08160000294446945 0.03660000115633011 -0.2874000072479248 5.050000190734863 0.15539999306201935 0.27900001406669617 4.926000118255615 1.215999960899353 4.699999809265137 -0.24779999256134033 -0.0851999968290329 0.2531999945640564 0.2777999937534332 2.7079999446868896 0.9900000095367432 1.2589541673660278 6.467447280883789 2424.0 2025_05_14_15:21:44 -14242.194580078125
6.039999961853027 0.11760000139474869 -0.1842000037431717 7.230000019073486 0.051600001752376556 0.08160000294446945 0.03660000115633011 -0.2874000072479248 5.050000190734863 0.15539999306201935 0.27900001406669617 4.926000118255615 1.215999960899353 4.699999809265137 -0.24779999256134033 -0.0851999968290329 0.2531999945640564 0.2777999937534332 2.7079999446868896 0.9900000095367432 1.2642196416854858 6.468294620513916 2424.11767578125 2025_05_14_15:21:44 -14852.155029296875
