1MXY1_Y 1MXY1_X 1MS1 1MXY2_Y 1MXY2_X 1MS2 1MXY3_Y 1MXY3_X 1MXY4_Y 1MXY4_X 1MS3 1MXY5_Y 1MXY5_X 1MXY6_Y 1MS4 1MS5 1MS6 1MQ71_X 1MS7 1MS8 1BPM3_Y 1BPM3_X 1BPM3_SUM time milliseconds
0.08100000023841858 -0.40560001134872437 5.9720001220703125 -0.040800001472234726 -0.020400000736117363 7.105999946594238 -0.009600000455975533 -0.335999995470047 0.11100000143051147 0.298799991607666 4.5320000648498535 -0.16859999299049377 -0.1860000044107437 0.37400001287460327 4.245999813079834 1.281999945640564 3.2880001068115234 0.07559999823570251 2.0460000038146973 0.0 -0.6260242462158203 -12.208072662353516 341.4700012207031 2025_01_28_19:34:41 -232.1953125
0.08100000023841858 -0.40560001134872437 5.9720001220703125 -0.040800001472234726 -0.020400000736117363 7.105999946594238 -0.009600000455975533 -0.335999995470047 0.11100000143051147 0.298799991607666 4.5320000648498535 -0.16859999299049377 -0.1860000044107437 0.37400001287460327 4.245999813079834 1.281999945640564 3.2880001068115234 0.07559999823570251 2.0460000038146973 0.0 -0.7338112592697144 -12.217148780822754 342.7300109863281 2025_01_28_19:34:41 -1062.40576171875
0.04964999854564667 -0.09650000184774399 5.9720001220703125 0.01899999938905239 0.06870000064373016 7.105999946594238 -0.009600000455975533 -0.335999995470047 0.11100000143051147 0.298799991607666 4.5320000648498535 -0.16859999299049377 -0.1860000044107437 0.37400001287460327 4.245999813079834 1.281999945640564 3.2880001068115234 0.07559999823570251 2.0460000038146973 0.0 -0.7292047142982483 -11.947343826293945 361.3900146484375 2025_01_28_19:34:42 -1266.290771484375
0.04050000011920929 -0.10450000315904617 5.9720001220703125 -0.001500000013038516 0.04320000112056732 7.105999946594238 -0.009600000455975533 -0.335999995470047 0.11100000143051147 0.298799991607666 4.5320000648498535 -0.16859999299049377 -0.1860000044107437 0.37400001287460327 4.245999813079834 1.281999945640564 3.2880001068115234 0.07559999823570251 2.0460000038146973 0.0 -0.4664413034915924 -10.940927505493164 415.8999938964844 2025_01_28_19:34:42 -1469.2939453125
0.04050000011920929 -0.10450000315904617 5.9720001220703125 0.039500001817941666 0.04320000112056732 7.105999946594238 -0.009600000455975533 -0.335999995470047 0.11100000143051147 0.298799991607666 4.5320000648498535 -0.16859999299049377 -0.1860000044107437 0.37400001287460327 4.245999813079834 1.281999945640564 3.2880001068115234 0.07559999823570251 2.0460000038146973 0.0 -0.18947403132915497 -9.765960693359375 478.69000244140625 2025_01_28_19:34:42 -1672.344482421875
0.04050000011920929 -0.10450000315904617 5.9720001220703125 -0.001500000013038516 0.094200000166893 7.105999946594238 -0.009600000455975533 -0.335999995470047 0.11100000143051147 0.298799991607666 4.5320000648498535 -0.16859999299049377 -0.1860000044107437 0.37400001287460327 4.245999813079834 1.281999945640564 3.2880001068115234 0.07559999823570251 2.0460000038146973 0.0 0.10402388870716095 -8.653972625732422 527.6500244140625 2025_01_28_19:34:42 -1875.220703125
0.04050000011920929 -0.10450000315904617 5.9720001220703125 0.039500001817941666 0.094200000166893 7.105999946594238 -0.009600000455975533 -0.335999995470047 0.11100000143051147 0.298799991607666 4.5320000648498535 -0.16859999299049377 -0.1860000044107437 0.37400001287460327 4.245999813079834 1.281999945640564 3.2880001068115234 0.07559999823570251 2.0460000038146973 0.0 0.4338819086551666 -7.3454084396362305 599.0499877929688 2025_01_28_19:34:42 -2078.13623046875
0.058800000697374344 -0.10450000315904617 5.9720001220703125 -0.001500000013038516 0.04320000112056732 7.105999946594238 -0.009600000455975533 -0.335999995470047 0.11100000143051147 0.298799991607666 4.5320000648498535 -0.16859999299049377 -0.1860000044107437 0.37400001287460327 4.245999813079834 1.281999945640564 3.2880001068115234 0.07559999823570251 2.0460000038146973 0.0 0.7448194026947021 -6.356781482696533 654.52001953125 2025_01_28_19:34:43 -2280.9248046875
0.058800000697374344 -0.10450000315904617 5.9720001220703125 0.039500001817941666 0.04320000112056732 7.105999946594238 -0.009600000455975533 -0.335999995470047 0.11100000143051147 0.298799991607666 4.5320000648498535 -0.16859999299049377 -0.1860000044107437 0.37400001287460327 4.245999813079834 1.281999945640564 3.2880001068115234 0.07559999823570251 2.0460000038146973 0.0 1.0568838119506836 -5.189987659454346 719.4600219726562 2025_01_28_19:34:43 -2483.8564453125
0.058800000697374344 -0.10450000315904617 5.9720001220703125 -0.001500000013038516 0.094200000166893 7.105999946594238 -0.009600000455975533 -0.335999995470047 0.11100000143051147 0.298799991607666 4.5320000648498535 -0.16859999299049377 -0.1860000044107437 0.37400001287460327 4.245999813079834 1.281999945640564 3.2880001068115234 0.07559999823570251 2.0460000038146973 0.0 1.4172097444534302 -4.134941101074219 783.739990234375 2025_01_28_19:34:43 -2686.533203125
0.058800000697374344 -0.10450000315904617 5.9720001220703125 0.039500001817941666 0.094200000166893 7.105999946594238 -0.009600000455975533 -0.335999995470047 0.11100000143051147 0.298799991607666 4.5320000648498535 -0.16859999299049377 -0.1860000044107437 0.37400001287460327 4.245999813079834 1.281999945640564 3.2880001068115234 0.07559999823570251 2.0460000038146973 0.0 1.7570393085479736 -3.2179455757141113 836.1599731445312 2025_01_28_19:34:43 -2889.513916015625
0.04050000011920929 -0.0885000005364418 5.9720001220703125 -0.001500000013038516 0.04320000112056732 7.105999946594238 -0.009600000455975533 -0.335999995470047 0.11100000143051147 0.298799991607666 4.5320000648498535 -0.16859999299049377 -0.1860000044107437 0.37400001287460327 4.245999813079834 1.281999945640564 3.2880001068115234 0.07559999823570251 2.0460000038146973 0.0 2.041001081466675 -1.870836615562439 911.0399780273438 2025_01_28_19:34:43 -3092.57421875
0.04050000011920929 -0.0885000005364418 5.9720001220703125 0.039500001817941666 0.04320000112056732 7.105999946594238 -0.009600000455975533 -0.335999995470047 0.11100000143051147 0.298799991607666 4.5320000648498535 -0.16859999299049377 -0.1860000044107437 0.37400001287460327 4.245999813079834 1.281999945640564 3.2880001068115234 0.07559999823570251 2.0460000038146973 0.0 2.273056983947754 -0.7448301911354065 960.9199829101562 2025_01_28_19:34:44 -3295.576171875
0.04050000011920929 -0.0885000005364418 5.9720001220703125 -0.001500000013038516 0.094200000166893 7.105999946594238 -0.009600000455975533 -0.335999995470047 0.11100000143051147 0.298799991607666 4.5320000648498535 -0.16859999299049377 -0.1860000044107437 0.37400001287460327 4.245999813079834 1.281999945640564 3.2880001068115234 0.07559999823570251 2.0460000038146973 0.0 2.647462844848633 0.3027900755405426 1020.6900024414062 2025_01_28_19:34:44 -3498.5693359375
0.04050000011920929 -0.0885000005364418 5.9720001220703125 0.039500001817941666 0.094200000166893 7.105999946594238 -0.009600000455975533 -0.335999995470047 0.11100000143051147 0.298799991607666 4.5320000648498535 -0.16859999299049377 -0.1860000044107437 0.37400001287460327 4.245999813079834 1.281999945640564 3.2880001068115234 0.07559999823570251 2.0460000038146973 0.0 2.982637405395508 1.322920560836792 1075.8900146484375 2025_01_28_19:34:44 -3701.576171875
0.058800000697374344 -0.0885000005364418 5.9720001220703125 -0.001500000013038516 0.04320000112056732 7.105999946594238 -0.009600000455975533 -0.335999995470047 0.11100000143051147 0.298799991607666 4.5320000648498535 -0.16859999299049377 -0.1860000044107437 0.37400001287460327 4.245999813079834 1.281999945640564 3.2880001068115234 0.07559999823570251 2.0460000038146973 0.0 3.319380521774292 2.5352602005004883 1141.5899658203125 2025_01_28_19:34:44 -3904.567138671875
0.058800000697374344 -0.0885000005364418 5.9720001220703125 0.039500001817941666 0.04320000112056732 7.105999946594238 -0.009600000455975533 -0.335999995470047 0.11100000143051147 0.298799991607666 4.5320000648498535 -0.16859999299049377 -0.1860000044107437 0.37400001287460327 4.245999813079834 1.281999945640564 3.2880001068115234 0.07559999823570251 2.0460000038146973 0.0 3.642810344696045 3.575364351272583 1197.1500244140625 2025_01_28_19:34:44 -4107.50830078125
0.058800000697374344 -0.0885000005364418 5.9720001220703125 -0.001500000013038516 0.094200000166893 7.105999946594238 -0.009600000455975533 -0.335999995470047 0.11100000143051147 0.298799991607666 4.5320000648498535 -0.16859999299049377 -0.1860000044107437 0.37400001287460327 4.245999813079834 1.281999945640564 3.2880001068115234 0.07559999823570251 2.0460000038146973 0.0 4.040928840637207 4.461792945861816 1245.22998046875 2025_01_28_19:34:45 -4310.488525390625
0.058800000697374344 -0.0885000005364418 5.9720001220703125 0.039500001817941666 0.094200000166893 7.105999946594238 -0.009600000455975533 -0.335999995470047 0.11100000143051147 0.298799991607666 4.5320000648498535 -0.16859999299049377 -0.1860000044107437 0.37400001287460327 4.245999813079834 1.281999945640564 3.2880001068115234 0.07559999823570251 2.0460000038146973 0.0 4.132498741149902 4.425992012023926 1246.260009765625 2025_01_28_19:34:45 -4513.492919921875
0.09836563467979431 -0.17977763712406158 5.9720001220703125 0.03468288108706474 0.09435862302780151 7.105999946594238 -0.009600000455975533 -0.335999995470047 0.11100000143051147 0.298799991607666 4.5320000648498535 -0.16859999299049377 -0.1860000044107437 0.37400001287460327 4.245999813079834 1.281999945640564 3.2880001068115234 0.07559999823570251 2.0460000038146973 0.0 4.365933418273926 1.5554052591323853 1245.1800537109375 2025_01_28_19:34:48 -7813.35498046875
0.09836626052856445 -0.17977763712406158 5.9720001220703125 0.0719962790608406 0.0943489596247673 7.105999946594238 -0.009600000455975533 -0.335999995470047 0.11100000143051147 0.298799991607666 4.5320000648498535 -0.16859999299049377 -0.1860000044107437 0.37400001287460327 4.245999813079834 1.281999945640564 3.2880001068115234 0.07559999823570251 2.0460000038146973 0.0 3.1913580894470215 -0.4377119541168213 1217.1700439453125 2025_01_28_19:34:50 -9232.26123046875
0.09836554527282715 -0.1797778308391571 5.9720001220703125 0.07258116453886032 0.09435529261827469 7.105999946594238 -0.009600000455975533 -0.335999995470047 0.11100000143051147 0.298799991607666 4.5320000648498535 -0.16859999299049377 -0.1860000044107437 0.37400001287460327 4.245999813079834 1.281999945640564 3.2880001068115234 0.07559999823570251 2.0460000038146973 0.0 3.705728054046631 -0.24075105786323547 1215.969970703125 2025_01_28_19:34:52 -11239.415283203125
0.0983639806509018 -0.17977747321128845 5.9720001220703125 0.012505097314715385 0.09435416758060455 7.105999946594238 -0.009600000455975533 -0.335999995470047 0.11100000143051147 0.298799991607666 4.5320000648498535 -0.16859999299049377 -0.1860000044107437 0.37400001287460327 4.245999813079834 1.281999945640564 3.2880001068115234 0.07559999823570251 2.0460000038146973 0.0 3.455220937728882 -0.3659534752368927 1212.4100341796875 2025_01_28_19:34:53 -12807.2646484375
0.09836455434560776 -0.17977765202522278 5.9720001220703125 0.05826473608613014 0.09427497535943985 7.105999946594238 -0.009600000455975533 -0.335999995470047 0.11100000143051147 0.298799991607666 4.5320000648498535 -0.16859999299049377 -0.1860000044107437 0.37400001287460327 4.245999813079834 1.281999945640564 3.2880001068115234 0.07559999823570251 2.0460000038146973 0.0 3.0956296920776367 -0.4858298897743225 1215.0400390625 2025_01_28_19:34:54 -14052.906005859375
0.09836690872907639 -0.17977772653102875 5.9720001220703125 0.06534179300069809 0.09430824220180511 7.105999946594238 -0.009600000455975533 -0.335999995470047 0.11100000143051147 0.298799991607666 4.5320000648498535 -0.16859999299049377 -0.1860000044107437 0.37400001287460327 4.245999813079834 1.281999945640564 3.2880001068115234 0.07559999823570251 2.0460000038146973 0.0 3.023066520690918 -0.5256946086883545 1218.030029296875 2025_01_28_19:34:55 -15052.69775390625
0.09835842251777649 -0.17977766692638397 5.9720001220703125 0.07900000363588333 0.09440063685178757 7.105999946594238 -0.009600000455975533 -0.335999995470047 0.11100000143051147 0.298799991607666 4.5320000648498535 -0.16859999299049377 -0.1860000044107437 0.37400001287460327 4.245999813079834 1.281999945640564 3.2880001068115234 0.07559999823570251 2.0460000038146973 0.0 3.974484443664551 -0.3072158694267273 1220.3699951171875 2025_01_28_19:34:59 -18951.38916015625
0.09837432950735092 -0.179777592420578 5.9720001220703125 0.014830917119979858 0.09415234625339508 7.105999946594238 -0.009600000455975533 -0.335999995470047 0.11100000143051147 0.298799991607666 4.5320000648498535 -0.16859999299049377 -0.1860000044107437 0.37400001287460327 4.245999813079834 1.281999945640564 3.2880001068115234 0.07559999823570251 2.0460000038146973 0.0 3.796160936355591 -0.3685598373413086 1223.550048828125 2025_01_28_19:35:01 -20294.2734375
0.09837278723716736 -0.17977763712406158 5.9720001220703125 -0.003000000026077032 0.0942724198102951 7.105999946594238 -0.009600000455975533 -0.335999995470047 0.11100000143051147 0.298799991607666 4.5320000648498535 -0.16859999299049377 -0.1860000044107437 0.37400001287460327 4.245999813079834 1.281999945640564 3.2880001068115234 0.07559999823570251 2.0460000038146973 0.0 2.9329800605773926 -0.6986024975776672 1223.6700439453125 2025_01_28_19:35:02 -21574.111572265625
0.0983879491686821 -0.1797776222229004 5.9720001220703125 0.03176119178533554 0.09401372820138931 7.105999946594238 -0.009600000455975533 -0.335999995470047 0.11100000143051147 0.298799991607666 4.5320000648498535 -0.16859999299049377 -0.1860000044107437 0.37400001287460327 4.245999813079834 1.281999945640564 3.2880001068115234 0.07559999823570251 2.0460000038146973 0.0 2.467064380645752 -0.8688924908638 1221.1300048828125 2025_01_28_19:35:03 -22668.379150390625
0.09840240329504013 -0.17977751791477203 5.9720001220703125 0.018182842060923576 0.09370747208595276 7.105999946594238 -0.009600000455975533 -0.335999995470047 0.11100000143051147 0.298799991607666 4.5320000648498535 -0.16859999299049377 -0.1860000044107437 0.37400001287460327 4.245999813079834 1.281999945640564 3.2880001068115234 0.07559999823570251 2.0460000038146973 0.0 2.5752604007720947 -0.827413022518158 1220.800048828125 2025_01_28_19:35:04 -24016.173095703125
0.09842535853385925 -0.17977763712406158 5.9720001220703125 -0.003000000026077032 0.09346716850996017 7.105999946594238 -0.009600000455975533 -0.335999995470047 0.11100000143051147 0.298799991607666 4.5320000648498535 -0.16859999299049377 -0.1860000044107437 0.37400001287460327 4.245999813079834 1.281999945640564 3.2880001068115234 0.07559999823570251 2.0460000038146973 0.0 2.4398787021636963 -0.8831169009208679 1221.27001953125 2025_01_28_19:35:07 -26620.525634765625
0.098444864153862 -0.1797776222229004 5.9720001220703125 -0.003000000026077032 0.09304329007863998 7.105999946594238 -0.009600000455975533 -0.335999995470047 0.11100000143051147 0.298799991607666 4.5320000648498535 -0.16859999299049377 -0.1860000044107437 0.37400001287460327 4.245999813079834 1.281999945640564 3.2880001068115234 0.07559999823570251 2.0460000038146973 0.0 2.132669448852539 -1.02900230884552 1224.25 2025_01_28_19:35:11 -30951.26416015625
0.0984756201505661 -0.17977763712406158 5.9720001220703125 -0.003000000026077032 0.09243834018707275 7.105999946594238 -0.009600000455975533 -0.335999995470047 0.11100000143051147 0.298799991607666 4.5320000648498535 -0.16859999299049377 -0.1860000044107437 0.37400001287460327 4.245999813079834 1.281999945640564 3.2880001068115234 0.07559999823570251 2.0460000038146973 0.0 2.281872272491455 -1.12267005443573 1233.280029296875 2025_01_28_19:35:14 -33700.90478515625
0.09838510304689407 -0.17977768182754517 5.9720001220703125 -0.003000000026077032 0.0937727615237236 7.105999946594238 -0.009600000455975533 -0.335999995470047 0.11100000143051147 0.298799991607666 4.5320000648498535 -0.16859999299049377 -0.1860000044107437 0.37400001287460327 4.245999813079834 1.281999945640564 3.2880001068115234 0.07559999823570251 2.0460000038146973 0.0 2.1927525997161865 -0.9522271752357483 1227.5 2025_01_28_19:35:17 -36479.80322265625
0.09837596118450165 -0.17977768182754517 5.9720001220703125 -0.003000000026077032 0.09385737776756287 7.105999946594238 -0.009600000455975533 -0.335999995470047 0.11100000143051147 0.298799991607666 4.5320000648498535 -0.16859999299049377 -0.1860000044107437 0.37400001287460327 4.245999813079834 1.281999945640564 3.2880001068115234 0.07559999823570251 2.0460000038146973 0.0 2.100813388824463 -0.9903765320777893 1232.449951171875 2025_01_28_19:35:18 -37664.7841796875
0.09836002439260483 -0.17977766692638397 5.9720001220703125 -0.003000000026077032 0.094111368060112 7.105999946594238 -0.009600000455975533 -0.335999995470047 0.11100000143051147 0.298799991607666 4.5320000648498535 -0.16859999299049377 -0.1860000044107437 0.37400001287460327 4.245999813079834 1.281999945640564 3.2880001068115234 0.07559999823570251 2.0460000038146973 0.0 2.044372320175171 -1.0046707391738892 1236.6800537109375 2025_01_28_19:35:20 -39507.66796875
0.09835389256477356 -0.17977768182754517 5.9720001220703125 -0.003000000026077032 0.0942007303237915 7.105999946594238 -0.009600000455975533 -0.335999995470047 0.11100000143051147 0.298799991607666 4.5320000648498535 -0.16859999299049377 -0.1860000044107437 0.37400001287460327 4.245999813079834 1.281999945640564 3.2880001068115234 0.07559999823570251 2.0460000038146973 0.0 2.0888473987579346 -0.9922744631767273 1226.6500244140625 2025_01_28_19:35:21 -40521.24365234375
0.09834755957126617 -0.17977768182754517 5.9720001220703125 -0.003000000026077032 0.09433348476886749 7.105999946594238 -0.009600000455975533 -0.335999995470047 0.11100000143051147 0.298799991607666 4.5320000648498535 -0.16859999299049377 -0.1860000044107437 0.37400001287460327 4.245999813079834 1.281999945640564 3.2880001068115234 0.07559999823570251 2.0460000038146973 0.0 2.1460065841674805 -1.0318289995193481 1227.02001953125 2025_01_28_19:35:22 -42078.23095703125
0.0983482077717781 -0.17977763712406158 5.9720001220703125 -0.003000000026077032 0.09434377402067184 7.105999946594238 -0.009600000455975533 -0.335999995470047 0.11100000143051147 0.298799991607666 4.5320000648498535 -0.16859999299049377 -0.1860000044107437 0.37400001287460327 4.245999813079834 1.281999945640564 3.2880001068115234 0.07559999823570251 2.0460000038146973 0.0 2.143956422805786 -1.013597846031189 1223.4200439453125 2025_01_28_19:35:24 -44189.8486328125
0.04050000011920929 -0.0885000005364418 5.9720001220703125 -0.001500000013038516 0.094200000166893 7.105999946594238 -0.009600000455975533 -0.335999995470047 0.11100000143051147 0.298799991607666 4.5320000648498535 -0.16859999299049377 -0.1860000044107437 0.37400001287460327 4.245999813079834 1.281999945640564 3.2880001068115234 0.07559999823570251 2.0460000038146973 0.0 2.2453856468200684 -0.7404614090919495 1223.780029296875 2025_01_28_19:35:25 -44417.17919921875
