1MS1 1MXY1_Y 1MXY1_X 1MS2 1MXY2_Y 1MXY2_X 1MXY3_Y 1MXY3_X 1MS3 1MXY4_Y 1MXY4_X 1MS4 1MS5 1MS6 1MXY5_Y 1MXY5_X 1MXY6_Y 1MXY6_X 1MS7 1MS8 1BPM3_X 1BPM3_Y 1BPM3_SUM time milliseconds
6.039999961853027 0.09720662981271744 -0.1946234405040741 7.230000019073486 0.05179300904273987 0.09302905201911926 0.023711834102869034 -0.43265461921691895 5.050000190734863 0.14199723303318024 0.20170779526233673 4.926000118255615 1.215999960899353 4.699999809265137 -0.2571076452732086 -0.27887848019599915 0.35147565603256226 0.2777999937534332 2.7079999446868896 0.9900000095367432 -6.660106182098389 5.724886417388916 2474.72998046875 2025_05_14_15:33:30 -232.07568359375
6.039999961853027 0.11713740229606628 -0.20353670418262482 7.230000019073486 0.008140137419104576 0.1033230572938919 -0.015570933930575848 -0.33804425597190857 5.050000190734863 0.14026601612567902 0.32821550965309143 4.926000118255615 1.215999960899353 4.699999809265137 -0.21895712614059448 -0.14778433740139008 0.43070724606513977 0.09540650248527527 2.7079999446868896 0.9900000095367432 -6.649660110473633 5.726480484008789 2475.800048828125 2025_05_14_15:33:33 -2471.827880859375
6.039999961853027 0.10911236703395844 -0.1877409666776657 7.230000019073486 0.003732329932972789 0.12773166596889496 0.000818222644738853 -0.3505808711051941 5.050000190734863 0.11407960206270218 0.2958255708217621 4.926000118255615 1.215999960899353 4.699999809265137 -0.22356991469860077 -0.2885410487651825 0.3088776469230652 0.07952021062374115 2.7079999446868896 0.9900000095367432 -6.649660110473633 5.726480484008789 2475.800048828125 2025_05_14_15:33:33 -2677.45849609375
6.039999961853027 0.08674119412899017 -0.1961527019739151 7.230000019073486 0.07843460142612457 0.15186339616775513 0.008507020771503448 -0.3786327838897705 5.050000190734863 0.1617921143770218 0.3253827691078186 4.926000118255615 1.215999960899353 4.699999809265137 -0.22537973523139954 -0.27763763070106506 0.3363784849643707 0.10391204804182053 2.7079999446868896 0.9900000095367432 -6.587349891662598 5.7306694984436035 2474.6201171875 2025_05_14_15:33:33 -2883.033935546875
6.039999961853027 0.10023028403520584 -0.20582641661167145 7.230000019073486 0.05982525274157524 0.12791965901851654 0.039402082562446594 -0.3066372275352478 5.050000190734863 0.10903747379779816 0.29380476474761963 4.926000118255615 1.215999960899353 4.699999809265137 -0.09929167479276657 -0.18430282175540924 0.31372717022895813 0.17357417941093445 2.7079999446868896 0.9900000095367432 -6.587349891662598 5.7306694984436035 2474.6201171875 2025_05_14_15:33:33 -3088.5712890625
6.039999961853027 0.0876147598028183 -0.18736538290977478 7.230000019073486 0.05411549285054207 0.13680696487426758 -0.010783040896058083 -0.42075493931770325 5.050000190734863 0.15591716766357422 0.19189395010471344 4.926000118255615 1.215999960899353 4.699999809265137 -0.0991809293627739 -0.3016389310359955 0.375531405210495 0.1298549920320511 2.7079999446868896 0.9900000095367432 -6.587349891662598 5.7306694984436035 2474.6201171875 2025_05_14_15:33:33 -3294.36962890625
6.039999961853027 0.0858859121799469 -0.19369903206825256 7.230000019073486 0.07304456830024719 0.10725228488445282 -0.011937437579035759 -0.2704414129257202 5.050000190734863 0.08251546323299408 0.19150258600711823 4.926000118255615 1.215999960899353 4.699999809265137 -0.1320851743221283 -0.2733074128627777 0.37161046266555786 0.17461761832237244 2.7079999446868896 0.9900000095367432 -6.587349891662598 5.7306694984436035 2474.6201171875 2025_05_14_15:33:34 -3499.947998046875
6.039999961853027 0.08389963209629059 -0.20816420018672943 7.230000019073486 0.04440231993794441 0.13395045697689056 0.027174552902579308 -0.3845221996307373 5.050000190734863 0.10623504966497421 0.2338280975818634 4.926000118255615 1.215999960899353 4.699999809265137 -0.20903947949409485 -0.21433326601982117 0.3266029953956604 0.11024043709039688 2.7079999446868896 0.9900000095367432 -6.639045238494873 5.70866584777832 2473.10009765625 2025_05_14_15:33:34 -3705.392822265625
6.039999961853027 0.08684246242046356 -0.18990878760814667 7.230000019073486 0.04529832303524017 0.13751082122325897 0.031169051304459572 -0.40371257066726685 5.050000190734863 0.21583445370197296 0.2472371757030487 4.926000118255615 1.215999960899353 4.699999809265137 -0.12521830201148987 -0.2442316710948944 0.46042072772979736 0.1925649642944336 2.7079999446868896 0.9900000095367432 -6.639045238494873 5.70866584777832 2473.10009765625 2025_05_14_15:33:34 -3911.304443359375
6.039999961853027 0.10118527710437775 -0.18324454128742218 7.230000019073486 0.058362532407045364 0.11498710513114929 0.07204550504684448 -0.3522339165210724 5.050000190734863 0.113594189286232 0.2282983362674713 4.926000118255615 1.215999960899353 4.699999809265137 -0.27718234062194824 -0.12790614366531372 0.484249472618103 0.1205608993768692 2.7079999446868896 0.9900000095367432 -6.639045238494873 5.70866584777832 2473.10009765625 2025_05_14_15:33:34 -4116.74169921875
6.039999961853027 0.09515050053596497 -0.2001645416021347 7.230000019073486 0.044933803379535675 0.14561375975608826 0.03410656005144119 -0.3398957848548889 5.050000190734863 0.2238728255033493 0.2805911600589752 4.926000118255615 1.215999960899353 4.699999809265137 -0.2854599952697754 -0.1093163713812828 0.49414053559303284 0.027050234377384186 2.7079999446868896 0.9900000095367432 -6.639045238494873 5.70866584777832 2473.10009765625 2025_05_14_15:33:35 -4322.28076171875
6.039999961853027 0.08674119412899017 -0.1961527019739151 7.230000019073486 0.07843460142612457 0.15186339616775513 0.008507020771503448 -0.3786327838897705 5.050000190734863 0.1617921143770218 0.3253827691078186 4.926000118255615 1.215999960899353 4.699999809265137 -0.22537973523139954 -0.27763763070106506 0.3363784849643707 0.10391204804182053 2.7079999446868896 0.9900000095367432 -6.497185230255127 5.661872386932373 2471.989990234375 2025_05_14_15:33:35 -4527.918212890625
6.039999961853027 0.08674119412899017 -0.1961527019739151 7.230000019073486 0.07843460142612457 0.15186339616775513 0.008507020771503448 -0.3786327838897705 5.050000190734863 0.1617921143770218 0.3253827691078186 4.926000118255615 1.215999960899353 4.699999809265137 -0.22537973523139954 -0.27763763070106506 0.3363784849643707 0.10391204804182053 2.7079999446868896 0.9900000095367432 -6.433475971221924 5.64594841003418 2471.659912109375 2025_05_14_15:33:35 -5031.788330078125
6.039999961853027 0.08674119412899017 -0.1961527019739151 7.829999923706055 0.07843460142612457 0.15186339616775513 0.008507020771503448 -0.3786327838897705 5.050000190734863 0.1617921143770218 0.3253827691078186 4.926000118255615 1.215999960899353 4.699999809265137 -0.22537973523139954 -0.27763763070106506 0.3363784849643707 0.10391204804182053 2.7079999446868896 0.9900000095367432 -6.433475971221924 5.64594841003418 2471.659912109375 2025_05_14_15:33:36 -5535.8466796875
6.039999961853027 0.08674119412899017 -0.1961527019739151 7.829999923706055 0.07843460142612457 0.15186339616775513 0.008507020771503448 -0.3786327838897705 5.050000190734863 0.1617921143770218 0.3253827691078186 4.926000118255615 1.215999960899353 4.699999809265137 -0.22537973523139954 -0.27763763070106506 0.3363784849643707 0.10391204804182053 2.7079999446868896 0.9900000095367432 -6.3765997886657715 5.637221813201904 2471.35009765625 2025_05_14_15:33:36 -5837.893798828125
6.039999961853027 0.08674119412899017 -0.1961527019739151 7.829999923706055 0.07843460142612457 0.15186339616775513 0.008507020771503448 -0.3786327838897705 5.050000190734863 0.1617921143770218 0.3253827691078186 4.926000118255615 1.215999960899353 4.699999809265137 -0.22537973523139954 -0.27763763070106506 0.3363784849643707 0.10391204804182053 2.7079999446868896 0.9900000095367432 -6.327989101409912 5.63125467300415 2472.330078125 2025_05_14_15:33:37 -6643.286865234375
6.039999961853027 0.08674119412899017 -0.1961527019739151 7.230000019073486 0.07843460142612457 0.15186339616775513 0.008507020771503448 -0.3786327838897705 5.050000190734863 0.1617921143770218 0.3253827691078186 4.926000118255615 1.215999960899353 4.699999809265137 -0.22537973523139954 -0.27763763070106506 0.3363784849643707 0.10391204804182053 2.7079999446868896 0.9900000095367432 -6.327989101409912 5.63125467300415 2472.330078125 2025_05_14_15:33:38 -7349.0234375
6.039999961853027 0.08674119412899017 -0.1961527019739151 7.829999923706055 0.07843460142612457 0.15186339616775513 0.008507020771503448 -0.3786327838897705 5.050000190734863 0.1617921143770218 0.3253827691078186 4.926000118255615 1.215999960899353 4.699999809265137 -0.22537973523139954 -0.27763763070106506 0.3363784849643707 0.10391204804182053 2.7079999446868896 0.9900000095367432 -6.264094829559326 5.611786365509033 2472.330078125 2025_05_14_15:33:38 -7550.675048828125
6.039999961853027 0.08100000023841858 -0.20895269513130188 7.230000019073486 0.07843460142612457 0.15186339616775513 0.008507020771503448 -0.3786327838897705 5.050000190734863 0.1617921143770218 0.3253827691078186 4.926000118255615 1.215999960899353 4.699999809265137 -0.22537973523139954 -0.27763763070106506 0.3363784849643707 0.10391204804182053 2.7079999446868896 0.9900000095367432 -6.1589674949646 5.606812953948975 2471.39990234375 2025_05_14_15:33:39 -9162.840087890625
6.039999961853027 0.08100000023841858 -0.20895269513130188 7.829999923706055 0.07843460142612457 0.15186339616775513 0.008507020771503448 -0.3786327838897705 5.050000190734863 0.1617921143770218 0.3253827691078186 4.926000118255615 1.215999960899353 4.699999809265137 -0.22537973523139954 -0.27763763070106506 0.3363784849643707 0.10391204804182053 2.7079999446868896 0.9900000095367432 -6.1589674949646 5.606812953948975 2471.39990234375 2025_05_14_15:33:40 -9364.484375
6.039999961853027 0.10138119757175446 -0.20895269513130188 7.230000019073486 0.07843460142612457 0.15186339616775513 0.008507020771503448 -0.3786327838897705 5.050000190734863 0.1617921143770218 0.3253827691078186 4.926000118255615 1.215999960899353 4.699999809265137 -0.22537973523139954 -0.27763763070106506 0.3363784849643707 0.10391204804182053 2.7079999446868896 0.9900000095367432 -5.964749336242676 5.590663433074951 2471.22998046875 2025_05_14_15:33:41 -11178.989990234375
6.039999961853027 0.10138119757175446 -0.20895269513130188 7.829999923706055 0.07843460142612457 0.15186339616775513 0.008507020771503448 -0.3786327838897705 5.050000190734863 0.1617921143770218 0.3253827691078186 4.926000118255615 1.215999960899353 4.699999809265137 -0.22537973523139954 -0.27763763070106506 0.3363784849643707 0.10391204804182053 2.7079999446868896 0.9900000095367432 -5.964749336242676 5.590663433074951 2471.22998046875 2025_05_14_15:33:42 -11380.785888671875
6.039999961853027 0.10138119757175446 -0.20895269513130188 7.829999923706055 0.07843460142612457 0.15186339616775513 0.008507020771503448 -0.3786327838897705 5.050000190734863 0.1617921143770218 0.3253827691078186 4.926000118255615 1.215999960899353 4.699999809265137 -0.22537973523139954 -0.27763763070106506 0.3363784849643707 0.10391204804182053 2.7079999446868896 0.9900000095367432 -5.895260810852051 5.580732345581055 2470.639892578125 2025_05_14_15:33:42 -11784.34716796875
6.039999961853027 0.10138119757175446 -0.20895269513130188 7.829999923706055 0.07843460142612457 0.15186339616775513 0.008507020771503448 -0.3786327838897705 5.050000190734863 0.1617921143770218 0.3253827691078186 4.926000118255615 1.215999960899353 4.699999809265137 -0.22537973523139954 -0.27763763070106506 0.3363784849643707 0.10391204804182053 2.7079999446868896 0.9900000095367432 -5.8245954513549805 5.571455001831055 2469.969970703125 2025_05_14_15:33:43 -12692.0498046875
6.039999961853027 0.08100000023841858 -0.18335270881652832 7.230000019073486 0.07843460142612457 0.15186339616775513 0.008507020771503448 -0.3786327838897705 5.050000190734863 0.1617921143770218 0.3253827691078186 4.926000118255615 1.215999960899353 4.699999809265137 -0.22537973523139954 -0.27763763070106506 0.3363784849643707 0.10391204804182053 2.7079999446868896 0.9900000095367432 -5.8245954513549805 5.571455001831055 2469.969970703125 2025_05_14_15:33:44 -13399.443115234375
6.039999961853027 0.08100000023841858 -0.18335270881652832 7.829999923706055 0.07843460142612457 0.15186339616775513 0.008507020771503448 -0.3786327838897705 5.050000190734863 0.1617921143770218 0.3253827691078186 4.926000118255615 1.215999960899353 4.699999809265137 -0.22537973523139954 -0.27763763070106506 0.3363784849643707 0.10391204804182053 2.7079999446868896 0.9900000095367432 -5.771942138671875 5.550952911376953 2469.0 2025_05_14_15:33:44 -13601.287109375
6.039999961853027 0.08100000023841858 -0.18335270881652832 7.829999923706055 0.07843460142612457 0.15186339616775513 0.008507020771503448 -0.3786327838897705 5.050000190734863 0.1617921143770218 0.3253827691078186 4.926000118255615 1.215999960899353 4.699999809265137 -0.22537973523139954 -0.27763763070106506 0.3363784849643707 0.10391204804182053 2.7079999446868896 0.9900000095367432 -5.735596179962158 5.537824630737305 2468.949951171875 2025_05_14_15:33:44 -14109.181884765625
6.039999961853027 0.08100000023841858 -0.18335270881652832 7.829999923706055 0.07843460142612457 0.15186339616775513 0.008507020771503448 -0.3786327838897705 5.050000190734863 0.1617921143770218 0.3253827691078186 4.926000118255615 1.215999960899353 4.699999809265137 -0.22537973523139954 -0.27763763070106506 0.3363784849643707 0.10391204804182053 2.7079999446868896 0.9900000095367432 -5.69773006439209 5.5235915184021 2469.030029296875 2025_05_14_15:33:45 -14919.694091796875
6.039999961853027 0.10138119757175446 -0.18335270881652832 7.230000019073486 0.07843460142612457 0.15186339616775513 0.008507020771503448 -0.3786327838897705 5.050000190734863 0.1617921143770218 0.3253827691078186 4.926000118255615 1.215999960899353 4.699999809265137 -0.22537973523139954 -0.27763763070106506 0.3363784849643707 0.10391204804182053 2.7079999446868896 0.9900000095367432 -5.69773006439209 5.5235915184021 2469.030029296875 2025_05_14_15:33:46 -15424.595947265625
6.039999961853027 0.10138119757175446 -0.18335270881652832 7.829999923706055 0.07843460142612457 0.15186339616775513 0.008507020771503448 -0.3786327838897705 5.050000190734863 0.1617921143770218 0.3253827691078186 4.926000118255615 1.215999960899353 4.699999809265137 -0.22537973523139954 -0.27763763070106506 0.3363784849643707 0.10391204804182053 2.7079999446868896 0.9900000095367432 -5.644265651702881 5.491351127624512 2468.760009765625 2025_05_14_15:33:46 -15626.23681640625
6.039999961853027 0.10138119757175446 -0.18335270881652832 7.829999923706055 0.07843460142612457 0.15186339616775513 0.008507020771503448 -0.3786327838897705 5.050000190734863 0.1617921143770218 0.3253827691078186 4.926000118255615 1.215999960899353 4.699999809265137 -0.22537973523139954 -0.27763763070106506 0.3363784849643707 0.10391204804182053 2.7079999446868896 0.9900000095367432 -5.590530872344971 5.4627366065979 2468.449951171875 2025_05_14_15:33:47 -16331.91455078125
6.039999961853027 0.10138119757175446 -0.18335270881652832 7.829999923706055 0.07843460142612457 0.15186339616775513 0.008507020771503448 -0.3786327838897705 5.050000190734863 0.1617921143770218 0.3253827691078186 4.926000118255615 1.215999960899353 4.699999809265137 -0.22537973523139954 -0.27763763070106506 0.3363784849643707 0.10391204804182053 2.7079999446868896 0.9900000095367432 -5.5417046546936035 5.436053276062012 2467.97998046875 2025_05_14_15:33:47 -17139.187744140625
6.039999961853027 0.0957573801279068 -0.19027021527290344 7.230000019073486 0.07843460142612457 0.15186339616775513 0.008507020771503448 -0.3786327838897705 5.050000190734863 0.1617921143770218 0.3253827691078186 4.926000118255615 1.215999960899353 4.699999809265137 -0.22537973523139954 -0.27763763070106506 0.3363784849643707 0.10391204804182053 2.7079999446868896 0.9900000095367432 -5.213622570037842 5.275658130645752 2465.179931640625 2025_05_14_15:33:52 -21659.480712890625
6.039999961853027 0.0957573801279068 -0.19027021527290344 7.829999923706055 0.07843460142612457 0.15186339616775513 0.008507020771503448 -0.3786327838897705 5.050000190734863 0.1617921143770218 0.3253827691078186 4.926000118255615 1.215999960899353 4.699999809265137 -0.22537973523139954 -0.27763763070106506 0.3363784849643707 0.10391204804182053 2.7079999446868896 0.9900000095367432 -5.213622570037842 5.275658130645752 2465.179931640625 2025_05_14_15:33:52 -21861.406005859375
6.039999961853027 0.0957573801279068 -0.19027021527290344 7.829999923706055 0.07843460142612457 0.15186339616775513 0.008507020771503448 -0.3786327838897705 5.050000190734863 0.1617921143770218 0.3253827691078186 4.926000118255615 1.215999960899353 4.699999809265137 -0.22537973523139954 -0.27763763070106506 0.3363784849643707 0.10391204804182053 2.7079999446868896 0.9900000095367432 -5.156877040863037 5.256740093231201 2465.02001953125 2025_05_14_15:33:53 -22365.3251953125
6.039999961853027 0.0957573801279068 -0.19027021527290344 7.829999923706055 0.07843460142612457 0.15186339616775513 0.008507020771503448 -0.3786327838897705 5.050000190734863 0.1617921143770218 0.3253827691078186 4.926000118255615 1.215999960899353 4.699999809265137 -0.22537973523139954 -0.27763763070106506 0.3363784849643707 0.10391204804182053 2.7079999446868896 0.9900000095367432 -5.1030988693237305 5.239637851715088 2464.280029296875 2025_05_14_15:33:53 -22970.87646484375
6.039999961853027 0.09682799875736237 -0.18959477543830872 7.230000019073486 0.07843460142612457 0.15186339616775513 0.008507020771503448 -0.3786327838897705 5.050000190734863 0.1617921143770218 0.3253827691078186 4.926000118255615 1.215999960899353 4.699999809265137 -0.22537973523139954 -0.27763763070106506 0.3363784849643707 0.10391204804182053 2.7079999446868896 0.9900000095367432 -4.991642475128174 5.194903373718262 2462.909912109375 2025_05_14_15:33:55 -24816.240478515625
6.039999961853027 0.09682799875736237 -0.18959477543830872 7.829999923706055 0.07843460142612457 0.15186339616775513 0.008507020771503448 -0.3786327838897705 5.050000190734863 0.1617921143770218 0.3253827691078186 4.926000118255615 1.215999960899353 4.699999809265137 -0.22537973523139954 -0.27763763070106506 0.3363784849643707 0.10391204804182053 2.7079999446868896 0.9900000095367432 -4.93052864074707 5.180591583251953 2463.47998046875 2025_05_14_15:33:55 -25018.11376953125
6.039999961853027 0.09682799875736237 -0.18959477543830872 7.829999923706055 0.07843460142612457 0.15186339616775513 0.008507020771503448 -0.3786327838897705 5.050000190734863 0.1617921143770218 0.3253827691078186 4.926000118255615 1.215999960899353 4.699999809265137 -0.22537973523139954 -0.27763763070106506 0.3363784849643707 0.10391204804182053 2.7079999446868896 0.9900000095367432 -4.87637186050415 5.1575493812561035 2461.449951171875 2025_05_14_15:33:56 -25832.94140625
6.039999961853027 0.09682799875736237 -0.18959477543830872 7.829999923706055 0.07843460142612457 0.15186339616775513 0.008507020771503448 -0.3786327838897705 5.050000190734863 0.1617921143770218 0.3253827691078186 4.926000118255615 1.215999960899353 4.699999809265137 -0.22537973523139954 -0.27763763070106506 0.3363784849643707 0.10391204804182053 2.7079999446868896 0.9900000095367432 -4.824256896972656 5.135165214538574 2460.8701171875 2025_05_14_15:33:57 -26643.541259765625
6.039999961853027 0.09657266736030579 -0.18977224826812744 7.230000019073486 0.07843460142612457 0.15186339616775513 0.008507020771503448 -0.3786327838897705 5.050000190734863 0.1617921143770218 0.3253827691078186 4.926000118255615 1.215999960899353 4.699999809265137 -0.22537973523139954 -0.27763763070106506 0.3363784849643707 0.10391204804182053 2.7079999446868896 0.9900000095367432 -4.7060546875 5.084755897521973 2459.5 2025_05_14_15:33:59 -28710.601806640625
6.039999961853027 0.09657266736030579 -0.18977224826812744 7.829999923706055 0.07843460142612457 0.15186339616775513 0.008507020771503448 -0.3786327838897705 5.050000190734863 0.1617921143770218 0.3253827691078186 4.926000118255615 1.215999960899353 4.699999809265137 -0.22537973523139954 -0.27763763070106506 0.3363784849643707 0.10391204804182053 2.7079999446868896 0.9900000095367432 -4.64600133895874 5.058396816253662 2460.02001953125 2025_05_14_15:33:59 -28912.79345703125
6.039999961853027 0.09657266736030579 -0.18977224826812744 7.829999923706055 0.07843460142612457 0.15186339616775513 0.008507020771503448 -0.3786327838897705 5.050000190734863 0.1617921143770218 0.3253827691078186 4.926000118255615 1.215999960899353 4.699999809265137 -0.22537973523139954 -0.27763763070106506 0.3363784849643707 0.10391204804182053 2.7079999446868896 0.9900000095367432 -4.589629173278809 5.039663791656494 2459.169921875 2025_05_14_15:34:00 -29525.874755859375
6.039999961853027 0.09657266736030579 -0.18977224826812744 7.829999923706055 0.07843460142612457 0.15186339616775513 0.008507020771503448 -0.3786327838897705 5.050000190734863 0.1617921143770218 0.3253827691078186 4.926000118255615 1.215999960899353 4.699999809265137 -0.22537973523139954 -0.27763763070106506 0.3363784849643707 0.10391204804182053 2.7079999446868896 0.9900000095367432 -4.540582656860352 5.027799606323242 2460.2099609375 2025_05_14_15:34:01 -30542.78564453125
6.039999961853027 0.09664222598075867 -0.18970681726932526 7.230000019073486 0.07843460142612457 0.15186339616775513 0.008507020771503448 -0.3786327838897705 5.050000190734863 0.1617921143770218 0.3253827691078186 4.926000118255615 1.215999960899353 4.699999809265137 -0.22537973523139954 -0.27763763070106506 0.3363784849643707 0.10391204804182053 2.7079999446868896 0.9900000095367432 -4.427784442901611 4.98533821105957 2460.18994140625 2025_05_14_15:34:02 -32214.18310546875
6.039999961853027 0.09664222598075867 -0.18970681726932526 7.829999923706055 0.07843460142612457 0.15186339616775513 0.008507020771503448 -0.3786327838897705 5.050000190734863 0.1617921143770218 0.3253827691078186 4.926000118255615 1.215999960899353 4.699999809265137 -0.22537973523139954 -0.27763763070106506 0.3363784849643707 0.10391204804182053 2.7079999446868896 0.9900000095367432 -4.427784442901611 4.98533821105957 2460.18994140625 2025_05_14_15:34:03 -32417.70166015625
6.039999961853027 0.09664222598075867 -0.18970681726932526 7.829999923706055 0.07843460142612457 0.15186339616775513 0.008507020771503448 -0.3786327838897705 5.050000190734863 0.1617921143770218 0.3253827691078186 4.926000118255615 1.215999960899353 4.699999809265137 -0.22537973523139954 -0.27763763070106506 0.3363784849643707 0.10391204804182053 2.7079999446868896 0.9900000095367432 -4.370642185211182 4.965918064117432 2459.530029296875 2025_05_14_15:34:03 -32619.29052734375
6.039999961853027 0.09664222598075867 -0.18970681726932526 7.829999923706055 0.07843460142612457 0.15186339616775513 0.008507020771503448 -0.3786327838897705 5.050000190734863 0.1617921143770218 0.3253827691078186 4.926000118255615 1.215999960899353 4.699999809265137 -0.22537973523139954 -0.27763763070106506 0.3363784849643707 0.10391204804182053 2.7079999446868896 0.9900000095367432 -4.320518970489502 4.957058906555176 2459.97998046875 2025_05_14_15:34:04 -33432.95166015625
6.039999961853027 0.09674803912639618 -0.18972016870975494 7.230000019073486 0.07843460142612457 0.15186339616775513 0.008507020771503448 -0.3786327838897705 5.050000190734863 0.1617921143770218 0.3253827691078186 4.926000118255615 1.215999960899353 4.699999809265137 -0.22537973523139954 -0.27763763070106506 0.3363784849643707 0.10391204804182053 2.7079999446868896 0.9900000095367432 -4.100522994995117 4.86457633972168 2459.4599609375 2025_05_14_15:34:07 -36940.975830078125
6.039999961853027 0.09674803912639618 -0.18972016870975494 7.829999923706055 0.07843460142612457 0.15186339616775513 0.008507020771503448 -0.3786327838897705 5.050000190734863 0.1617921143770218 0.3253827691078186 4.926000118255615 1.215999960899353 4.699999809265137 -0.22537973523139954 -0.27763763070106506 0.3363784849643707 0.10391204804182053 2.7079999446868896 0.9900000095367432 -4.046657562255859 4.838490962982178 2458.8701171875 2025_05_14_15:34:07 -37142.930908203125
6.039999961853027 0.09674803912639618 -0.18972016870975494 7.829999923706055 0.07843460142612457 0.15186339616775513 0.008507020771503448 -0.3786327838897705 5.050000190734863 0.1617921143770218 0.3253827691078186 4.926000118255615 1.215999960899353 4.699999809265137 -0.22537973523139954 -0.27763763070106506 0.3363784849643707 0.10391204804182053 2.7079999446868896 0.9900000095367432 -3.993320941925049 4.815147399902344 2458.110107421875 2025_05_14_15:34:08 -37948.685546875
6.039999961853027 0.09674803912639618 -0.18972016870975494 7.829999923706055 0.07843460142612457 0.15186339616775513 0.008507020771503448 -0.3786327838897705 5.050000190734863 0.1617921143770218 0.3253827691078186 4.926000118255615 1.215999960899353 4.699999809265137 -0.22537973523139954 -0.27763763070106506 0.3363784849643707 0.10391204804182053 2.7079999446868896 0.9900000095367432 -3.9368784427642822 4.795259475708008 2457.929931640625 2025_05_14_15:34:09 -38755.30322265625
6.039999961853027 0.0968320220708847 -0.18970291316509247 7.230000019073486 0.07843460142612457 0.15186339616775513 0.008507020771503448 -0.3786327838897705 5.050000190734863 0.1617921143770218 0.3253827691078186 4.926000118255615 1.215999960899353 4.699999809265137 -0.22537973523139954 -0.27763763070106506 0.3363784849643707 0.10391204804182053 2.7079999446868896 0.9900000095367432 -3.7656805515289307 4.703173637390137 2458.840087890625 2025_05_14_15:34:11 -40985.62548828125
6.039999961853027 0.0968320220708847 -0.18970291316509247 7.829999923706055 0.07843460142612457 0.15186339616775513 0.008507020771503448 -0.3786327838897705 5.050000190734863 0.1617921143770218 0.3253827691078186 4.926000118255615 1.215999960899353 4.699999809265137 -0.22537973523139954 -0.27763763070106506 0.3363784849643707 0.10391204804182053 2.7079999446868896 0.9900000095367432 -3.7656805515289307 4.703173637390137 2458.840087890625 2025_05_14_15:34:11 -41187.8603515625
6.039999961853027 0.0968320220708847 -0.18970291316509247 7.829999923706055 0.07843460142612457 0.15186339616775513 0.008507020771503448 -0.3786327838897705 5.050000190734863 0.1617921143770218 0.3253827691078186 4.926000118255615 1.215999960899353 4.699999809265137 -0.22537973523139954 -0.27763763070106506 0.3363784849643707 0.10391204804182053 2.7079999446868896 0.9900000095367432 -3.7125842571258545 4.685019016265869 2457.419921875 2025_05_14_15:34:12 -41596.4228515625
6.039999961853027 0.0968320220708847 -0.18970291316509247 7.829999923706055 0.07843460142612457 0.15186339616775513 0.008507020771503448 -0.3786327838897705 5.050000190734863 0.1617921143770218 0.3253827691078186 4.926000118255615 1.215999960899353 4.699999809265137 -0.22537973523139954 -0.27763763070106506 0.3363784849643707 0.10391204804182053 2.7079999446868896 0.9900000095367432 -3.651621103286743 4.667677879333496 2457.320068359375 2025_05_14_15:34:13 -42407.622802734375
6.039999961853027 0.09692403674125671 -0.18967238068580627 7.230000019073486 0.07843460142612457 0.15186339616775513 0.008507020771503448 -0.3786327838897705 5.050000190734863 0.1617921143770218 0.3253827691078186 4.926000118255615 1.215999960899353 4.699999809265137 -0.22537973523139954 -0.27763763070106506 0.3363784849643707 0.10391204804182053 2.7079999446868896 0.9900000095367432 -3.374591588973999 4.5581817626953125 2455.47998046875 2025_05_14_15:34:16 -46133.052001953125
