1MXY1_Y 1MXY1_X 1MS1 1MXY2_Y 1MXY2_X 1MS2 1MXY3_Y 1MXY3_X 1MXY4_Y 1MXY4_X 1MS3 1MXY5_Y 1MXY5_X 1MXY6_Y 1MS4 1MS5 1MS6 1MQ71_X 1MS7 1MS8 1BPM3_X 1BPM3_Y 1BPM3_SUM time milliseconds
0.09198462218046188 -0.2012796401977539 6.0279998779296875 0.05935484543442726 0.18287748098373413 6.77400016784668 0.05640791729092598 -0.32783326506614685 0.12517637014389038 0.3318476676940918 4.697999954223633 -0.14182516932487488 -0.20026881992816925 0.3544677197933197 6.015500068664551 1.3416999578475952 5.133999824523926 0.23719879984855652 3.0820000171661377 1.173799991607666 -0.6863885521888733 0.17272892594337463 2679.179931640625 2025_02_18_15:57:25 -234.891357421875
0.09198462218046188 -0.2012796401977539 6.0279998779296875 0.05935484543442726 0.18287748098373413 6.77400016784668 0.05640791729092598 -0.32783326506614685 0.12517637014389038 0.3318476676940918 4.697999954223633 -0.14182516932487488 -0.20026881992816925 0.3544677197933197 6.015500068664551 1.3416999578475952 5.133999824523926 0.23719879984855652 3.0820000171661377 1.173799991607666 -0.676278829574585 0.19859430193901062 2679.800048828125 2025_02_18_15:57:26 -1047.262451171875
0.09198462218046188 -0.2012796401977539 6.0279998779296875 0.05935484543442726 0.18287748098373413 6.77400016784668 0.05640791729092598 -0.32783326506614685 0.12517637014389038 0.3318476676940918 4.697999954223633 -0.14182516932487488 -0.20026881992816925 0.3544677197933197 6.015500068664551 1.3416999578475952 5.133999824523926 0.23719879984855652 3.0820000171661377 1.173799991607666 -0.6751148104667664 0.18521051108837128 2679.97998046875 2025_02_18_15:57:26 -1248.956298828125
0.09198462218046188 -0.2012796401977539 6.0279998779296875 0.05935484543442726 0.18287748098373413 6.77400016784668 0.05640791729092598 -0.32783326506614685 0.12517637014389038 0.3318476676940918 4.697999954223633 -0.14182516932487488 -0.20026881992816925 0.3544677197933197 6.015500068664551 1.3416999578475952 5.133999824523926 0.23719879984855652 3.0820000171661377 1.173799991607666 -0.6840812563896179 0.19148510694503784 2680.10009765625 2025_02_18_15:57:26 -1450.532470703125
0.09198462218046188 -0.2012796401977539 6.0279998779296875 0.05935484543442726 0.18287748098373413 6.77400016784668 0.05640791729092598 -0.32783326506614685 0.12517637014389038 0.3318476676940918 4.697999954223633 -0.14182516932487488 -0.20026881992816925 0.3924500048160553 6.015500068664551 1.3416999578475952 5.133999824523926 0.23719879984855652 3.0820000171661377 1.173799991607666 -0.6756618022918701 0.22558382153511047 2677.010009765625 2025_02_18_15:57:26 -1654.843017578125
0.09198462218046188 -0.2012796401977539 6.0279998779296875 0.05935484543442726 0.18287748098373413 6.77400016784668 0.05640791729092598 -0.32783326506614685 0.12517637014389038 0.3318476676940918 4.697999954223633 -0.14182516932487488 -0.20026881992816925 0.3924500048160553 6.015500068664551 1.3416999578475952 5.133999824523926 0.23719879984855652 3.0820000171661377 1.173799991607666 -0.6707403659820557 0.21502114832401276 2678.52001953125 2025_02_18_15:57:27 -1856.53759765625
0.09198462218046188 -0.2012796401977539 6.0279998779296875 0.05935484543442726 0.18287748098373413 6.77400016784668 0.05640791729092598 -0.32783326506614685 0.12517637014389038 0.3318476676940918 4.697999954223633 -0.14182516932487488 -0.20026881992816925 0.3924500048160553 6.015500068664551 1.3416999578475952 5.133999824523926 0.23719879984855652 3.0820000171661377 1.173799991607666 -0.6835128664970398 0.21453368663787842 2678.510009765625 2025_02_18_15:57:27 -2058.1484375
0.10921888798475266 -0.19464261829853058 6.0279998779296875 0.023390021175146103 0.13232171535491943 6.77400016784668 -0.008766175247728825 -0.3771061301231384 0.248101145029068 0.32062846422195435 4.697999954223633 -0.15666563808918 -0.19222499430179596 0.4984033703804016 6.015500068664551 1.3416999578475952 5.133999824523926 0.16837844252586365 3.0820000171661377 1.173799991607666 -0.6944332122802734 0.19459642469882965 2678.260009765625 2025_02_18_15:57:27 -2263.91650390625
0.10921888798475266 -0.19464261829853058 6.0279998779296875 0.023390021175146103 0.13232171535491943 6.77400016784668 -0.008766175247728825 -0.3771061301231384 0.248101145029068 0.32062846422195435 4.697999954223633 -0.15666563808918 -0.19222499430179596 0.4984033703804016 6.015500068664551 1.3416999578475952 5.133999824523926 0.16837844252586365 3.0820000171661377 1.173799991607666 -0.5769765377044678 0.03342708572745323 2676.590087890625 2025_02_18_15:57:27 -2465.3779296875
0.10921888798475266 -0.19464261829853058 6.0279998779296875 0.023390021175146103 0.13232171535491943 6.77400016784668 -0.008766175247728825 -0.3771061301231384 0.248101145029068 0.32062846422195435 4.697999954223633 -0.15666563808918 -0.19222499430179596 0.4984033703804016 6.015500068664551 1.3416999578475952 5.133999824523926 0.16837844252586365 3.0820000171661377 1.173799991607666 -0.4882603585720062 -0.09152279794216156 2675.5400390625 2025_02_18_15:57:27 -2667.31787109375
0.08326611667871475 -0.20400068163871765 6.0279998779296875 0.0374203696846962 0.12987597286701202 6.77400016784668 0.07565080374479294 -0.34438246488571167 0.09707307815551758 0.22302819788455963 4.697999954223633 -0.2224593162536621 -0.1724644899368286 0.49010926485061646 6.015500068664551 1.3416999578475952 5.133999824523926 0.22367869317531586 3.0820000171661377 1.173799991607666 -0.39662209153175354 -0.20511679351329803 2670.5 2025_02_18_15:57:28 -2873.16455078125
0.08326611667871475 -0.20400068163871765 6.0279998779296875 0.0374203696846962 0.12987597286701202 6.77400016784668 0.07565080374479294 -0.34438246488571167 0.09707307815551758 0.22302819788455963 4.697999954223633 -0.2224593162536621 -0.1724644899368286 0.49010926485061646 6.015500068664551 1.3416999578475952 5.133999824523926 0.22367869317531586 3.0820000171661377 1.173799991607666 -0.4623914957046509 -0.07746624201536179 2666.280029296875 2025_02_18_15:57:28 -3074.793701171875
0.08326611667871475 -0.20400068163871765 6.0279998779296875 0.0374203696846962 0.12987597286701202 6.77400016784668 0.07565080374479294 -0.34438246488571167 0.09707307815551758 0.22302819788455963 4.697999954223633 -0.2224593162536621 -0.1724644899368286 0.49010926485061646 6.015500068664551 1.3416999578475952 5.133999824523926 0.22367869317531586 3.0820000171661377 1.173799991607666 -0.529203474521637 0.014470419846475124 2669.14990234375 2025_02_18_15:57:28 -3276.426513671875
0.10763882845640182 -0.18028955161571503 6.0279998779296875 0.023116683587431908 0.09784293919801712 6.77400016784668 0.033242885023355484 -0.2796466052532196 0.2484215646982193 0.30438363552093506 4.697999954223633 -0.11548809707164764 -0.2409425973892212 0.36410027742385864 6.015500068664551 1.3416999578475952 5.133999824523926 0.12742258608341217 3.0820000171661377 1.173799991607666 -0.6774051189422607 0.24103030562400818 2668.419921875 2025_02_18_15:57:28 -3483.22265625
0.10763882845640182 -0.18028955161571503 6.0279998779296875 0.023116683587431908 0.09784293919801712 6.77400016784668 0.033242885023355484 -0.2796466052532196 0.2484215646982193 0.30438363552093506 4.697999954223633 -0.11548809707164764 -0.2409425973892212 0.36410027742385864 6.015500068664551 1.3416999578475952 5.133999824523926 0.12742258608341217 3.0820000171661377 1.173799991607666 -0.7592103481292725 0.1837439388036728 2666.360107421875 2025_02_18_15:57:28 -3684.946533203125
0.10763882845640182 -0.18028955161571503 6.0279998779296875 0.023116683587431908 0.09784293919801712 6.77400016784668 0.033242885023355484 -0.2796466052532196 0.2484215646982193 0.30438363552093506 4.697999954223633 -0.11548809707164764 -0.2409425973892212 0.36410027742385864 6.015500068664551 1.3416999578475952 5.133999824523926 0.12742258608341217 3.0820000171661377 1.173799991607666 -0.9925760626792908 -0.05599139258265495 2669.280029296875 2025_02_18_15:57:29 -3886.6064453125
0.09704118221998215 -0.18718074262142181 6.0279998779296875 0.04021081328392029 0.1598210334777832 6.77400016784668 0.0391237810254097 -0.413778692483902 0.2267235517501831 0.20546047389507294 4.697999954223633 -0.1732938438653946 -0.24788576364517212 0.3486536145210266 6.015500068664551 1.3416999578475952 5.133999824523926 0.17325033247470856 3.0820000171661377 1.173799991607666 -1.193678855895996 -0.25226452946662903 2668.659912109375 2025_02_18_15:57:29 -4092.177490234375
0.08687730878591537 -0.20318572223186493 6.0279998779296875 0.05005364492535591 0.1178625151515007 6.77400016784668 0.07976315170526505 -0.4019378423690796 0.24740372598171234 0.30341437458992004 4.697999954223633 -0.2828405201435089 -0.21713945269584656 0.3093065321445465 6.015500068664551 1.3416999578475952 5.133999824523926 0.15983158349990845 3.0820000171661377 1.173799991607666 -1.5935293436050415 -0.578187882900238 2667.260009765625 2025_02_18_15:57:29 -4701.16015625
0.09785199910402298 -0.18864820897579193 6.0279998779296875 0.006608192343264818 0.16620789468288422 6.77400016784668 -0.003545088693499565 -0.3533303737640381 0.104034923017025 0.3207467198371887 4.697999954223633 -0.1743406504392624 -0.11189316213130951 0.464599609375 6.015500068664551 1.3416999578475952 5.133999824523926 0.16972430050373077 3.0820000171661377 1.173799991607666 -1.1953301429748535 -0.1317025125026703 2664.800048828125 2025_02_18_15:57:30 -5310.55029296875
0.09785199910402298 -0.18864820897579193 6.0279998779296875 0.006608192343264818 0.16620789468288422 6.77400016784668 -0.003545088693499565 -0.3533303737640381 0.104034923017025 0.3207467198371887 4.697999954223633 -0.1743406504392624 -0.11189316213130951 0.464599609375 6.015500068664551 1.3416999578475952 5.133999824523926 0.16972430050373077 3.0820000171661377 1.173799991607666 -0.8670638203620911 -0.07384100556373596 2661.35009765625 2025_02_18_15:57:30 -5512.127685546875
0.08203572779893875 -0.20492619276046753 6.0279998779296875 0.013231916353106499 0.18240679800510406 6.77400016784668 0.06992977112531662 -0.3343935012817383 0.09714508801698685 0.2888438403606415 4.697999954223633 -0.12925681471824646 -0.23545654118061066 0.33213144540786743 6.015500068664551 1.3416999578475952 5.133999824523926 0.07370716333389282 3.0820000171661377 1.173799991607666 -0.187954381108284 0.13198670744895935 2651.5 2025_02_18_15:57:31 -5919.5078125
0.08203572779893875 -0.20492619276046753 6.0279998779296875 0.013231916353106499 0.18240679800510406 6.77400016784668 0.06992977112531662 -0.3343935012817383 0.09714508801698685 0.2888438403606415 4.697999954223633 -0.12925681471824646 -0.23545654118061066 0.33213144540786743 6.015500068664551 1.3416999578475952 5.133999824523926 0.07370716333389282 3.0820000171661377 1.173799991607666 -0.1732851266860962 0.19214938580989838 2650.659912109375 2025_02_18_15:57:31 -6121.1298828125
0.08203572779893875 -0.20492619276046753 6.0279998779296875 0.013231916353106499 0.18240679800510406 6.77400016784668 0.06992977112531662 -0.3343935012817383 0.09714508801698685 0.2888438403606415 4.697999954223633 -0.12925681471824646 -0.23545654118061066 0.33213144540786743 6.015500068664551 1.3416999578475952 5.133999824523926 0.07370716333389282 3.0820000171661377 1.173799991607666 -0.3009583652019501 0.42383480072021484 2649.1298828125 2025_02_18_15:57:31 -6322.85009765625
0.10619691014289856 -0.17881716787815094 6.0279998779296875 0.05003418028354645 0.12107741087675095 6.77400016784668 0.057343095541000366 -0.4221786558628082 0.18068893253803253 0.2812193036079407 4.697999954223633 -0.11679095774888992 -0.3180698752403259 0.4087557792663574 6.015500068664551 1.3416999578475952 5.133999824523926 0.2595149278640747 3.0820000171661377 1.173799991607666 -0.4340146780014038 0.6490623354911804 2654.10009765625 2025_02_18_15:57:31 -6528.809814453125
0.10619691014289856 -0.17881716787815094 6.0279998779296875 0.05003418028354645 0.12107741087675095 6.77400016784668 0.057343095541000366 -0.4221786558628082 0.18068893253803253 0.2812193036079407 4.697999954223633 -0.11679095774888992 -0.3180698752403259 0.4087557792663574 6.015500068664551 1.3416999578475952 5.133999824523926 0.2595149278640747 3.0820000171661377 1.173799991607666 -0.7373220920562744 0.5092974305152893 2655.10009765625 2025_02_18_15:57:31 -6730.495849609375
0.10619691014289856 -0.17881716787815094 6.0279998779296875 0.05003418028354645 0.12107741087675095 6.77400016784668 0.057343095541000366 -0.4221786558628082 0.18068893253803253 0.2812193036079407 4.697999954223633 -0.11679095774888992 -0.3180698752403259 0.4087557792663574 6.015500068664551 1.3416999578475952 5.133999824523926 0.2595149278640747 3.0820000171661377 1.173799991607666 -1.0422331094741821 0.19570815563201904 2651.5 2025_02_18_15:57:32 -6932.03125
0.10011716187000275 -0.20789332687854767 6.0279998779296875 0.045294955372810364 0.0950307697057724 6.77400016784668 0.04298710450530052 -0.2886497676372528 0.12561985850334167 0.30347511172294617 4.697999954223633 -0.15919212996959686 -0.3023740351200104 0.3759959936141968 6.015500068664551 1.3416999578475952 5.133999824523926 0.22613400220870972 3.0820000171661377 1.173799991607666 -1.1441222429275513 0.08785393834114075 2648.68994140625 2025_02_18_15:57:32 -7137.537841796875
0.10011716187000275 -0.20789332687854767 6.0279998779296875 0.045294955372810364 0.0950307697057724 6.77400016784668 0.04298710450530052 -0.2886497676372528 0.12561985850334167 0.30347511172294617 4.697999954223633 -0.15919212996959686 -0.3023740351200104 0.3759959936141968 6.015500068664551 1.3416999578475952 5.133999824523926 0.22613400220870972 3.0820000171661377 1.173799991607666 -1.457207202911377 0.0342937670648098 2649.469970703125 2025_02_18_15:57:32 -7338.99951171875
0.10011716187000275 -0.20789332687854767 6.0279998779296875 0.045294955372810364 0.0950307697057724 6.77400016784668 0.04298710450530052 -0.2886497676372528 0.12561985850334167 0.30347511172294617 4.697999954223633 -0.15919212996959686 -0.3023740351200104 0.3759959936141968 6.015500068664551 1.3416999578475952 5.133999824523926 0.22613400220870972 3.0820000171661377 1.173799991607666 -1.7013436555862427 0.34021830558776855 2652.530029296875 2025_02_18_15:57:32 -7540.2548828125
0.10011716187000275 -0.20789332687854767 6.0279998779296875 0.045294955372810364 0.0950307697057724 6.77400016784668 0.04298710450530052 -0.2886497676372528 0.12561985850334167 0.30347511172294617 4.697999954223633 -0.15919212996959686 -0.3023740351200104 0.3924500048160553 6.015500068664551 1.3416999578475952 5.133999824523926 0.22613400220870972 3.0820000171661377 1.173799991607666 -1.8808995485305786 0.5585318207740784 2653.85009765625 2025_02_18_15:57:32 -7742.091552734375
0.10011716187000275 -0.20789332687854767 6.0279998779296875 0.045294955372810364 0.0950307697057724 6.77400016784668 0.04298710450530052 -0.2886497676372528 0.12561985850334167 0.30347511172294617 4.697999954223633 -0.15919212996959686 -0.3023740351200104 0.3924500048160553 6.015500068664551 1.3416999578475952 5.133999824523926 0.22613400220870972 3.0820000171661377 1.173799991607666 -2.1667587757110596 0.9673870205879211 2656.18994140625 2025_02_18_15:57:33 -7943.774658203125
0.10011716187000275 -0.20789332687854767 6.0279998779296875 0.045294955372810364 0.0950307697057724 6.77400016784668 0.04298710450530052 -0.2886497676372528 0.12561985850334167 0.30347511172294617 4.697999954223633 -0.15919212996959686 -0.3023740351200104 0.3924500048160553 6.015500068664551 1.3416999578475952 5.133999824523926 0.22613400220870972 3.0820000171661377 1.173799991607666 -2.3258488178253174 1.1517637968063354 2658.909912109375 2025_02_18_15:57:33 -8145.272216796875
0.10011716187000275 -0.20789332687854767 6.0279998779296875 0.045294955372810364 0.0950307697057724 6.77400016784668 0.04298710450530052 -0.2886497676372528 0.12561985850334167 0.30347511172294617 4.697999954223633 -0.15919212996959686 -0.3023740351200104 0.3924500048160553 6.015500068664551 1.3416999578475952 5.133999824523926 0.22613400220870972 3.0820000171661377 1.173799991607666 -2.6497042179107666 1.4915794134140015 2664.10009765625 2025_02_18_15:57:33 -8347.340576171875
0.10011716187000275 -0.20789332687854767 6.627999782562256 0.045294955372810364 0.0950307697057724 6.77400016784668 0.04298710450530052 -0.2886497676372528 0.12561985850334167 0.30347511172294617 4.697999954223633 -0.15919212996959686 -0.3023740351200104 0.3924500048160553 6.015500068664551 1.3416999578475952 5.133999824523926 0.22613400220870972 3.0820000171661377 1.173799991607666 -2.9808928966522217 1.5321159362792969 2667.22998046875 2025_02_18_15:57:33 -8549.07421875
0.10011716187000275 -0.20789332687854767 6.627999782562256 0.045294955372810364 0.0950307697057724 6.77400016784668 0.04298710450530052 -0.2886497676372528 0.12561985850334167 0.30347511172294617 4.697999954223633 -0.15919212996959686 -0.3023740351200104 0.3924500048160553 6.015500068664551 1.3416999578475952 5.133999824523926 0.22613400220870972 3.0820000171661377 1.173799991607666 -3.3452115058898926 1.6556899547576904 2659.39990234375 2025_02_18_15:57:33 -8750.5517578125
0.10011716187000275 -0.20789332687854767 6.627999782562256 0.045294955372810364 0.0950307697057724 6.77400016784668 0.04298710450530052 -0.2886497676372528 0.12561985850334167 0.30347511172294617 4.697999954223633 -0.15919212996959686 -0.3023740351200104 0.3924500048160553 6.015500068664551 1.3416999578475952 5.133999824523926 0.22613400220870972 3.0820000171661377 1.173799991607666 -3.894958257675171 1.8362510204315186 2652.139892578125 2025_02_18_15:57:34 -8952.103515625
0.024824999272823334 -0.048250000923871994 6.0279998779296875 0.045294955372810364 0.0950307697057724 6.77400016784668 0.04298710450530052 -0.2886497676372528 0.12561985850334167 0.30347511172294617 4.697999954223633 -0.15919212996959686 -0.3023740351200104 0.3924500048160553 6.015500068664551 1.3416999578475952 5.133999824523926 0.22613400220870972 3.0820000171661377 1.173799991607666 -4.337039470672607 1.8863213062286377 2647.489990234375 2025_02_18_15:57:34 -9162.5693359375
0.024824999272823334 -0.048250000923871994 6.627999782562256 0.045294955372810364 0.0950307697057724 6.77400016784668 0.04298710450530052 -0.2886497676372528 0.12561985850334167 0.30347511172294617 4.697999954223633 -0.15919212996959686 -0.3023740351200104 0.3924500048160553 6.015500068664551 1.3416999578475952 5.133999824523926 0.22613400220870972 3.0820000171661377 1.173799991607666 -5.429669380187988 1.8859837055206299 2650.699951171875 2025_02_18_15:57:34 -9372.02099609375
0.024824999272823334 -0.048250000923871994 6.627999782562256 0.045294955372810364 0.0950307697057724 6.77400016784668 0.04298710450530052 -0.2886497676372528 0.12561985850334167 0.30347511172294617 4.697999954223633 -0.15919212996959686 -0.3023740351200104 0.3924500048160553 6.015500068664551 1.3416999578475952 5.133999824523926 0.22613400220870972 3.0820000171661377 1.173799991607666 -6.666679859161377 2.0118536949157715 2615.469970703125 2025_02_18_15:57:34 -9573.837890625
0.024824999272823334 -0.048250000923871994 6.627999782562256 0.045294955372810364 0.0950307697057724 6.77400016784668 0.04298710450530052 -0.2886497676372528 0.12561985850334167 0.30347511172294617 4.697999954223633 -0.15919212996959686 -0.3023740351200104 0.3924500048160553 6.015500068664551 1.3416999578475952 5.133999824523926 0.22613400220870972 3.0820000171661377 1.173799991607666 -7.710165500640869 2.1231162548065186 2586.169921875 2025_02_18_15:57:34 -9775.591552734375
0.020250000059604645 -0.05225000157952309 6.0279998779296875 0.045294955372810364 0.0950307697057724 6.77400016784668 0.04298710450530052 -0.2886497676372528 0.12561985850334167 0.30347511172294617 4.697999954223633 -0.15919212996959686 -0.3023740351200104 0.3924500048160553 6.015500068664551 1.3416999578475952 5.133999824523926 0.22613400220870972 3.0820000171661377 1.173799991607666 -8.881551742553711 2.3162012100219727 2541.590087890625 2025_02_18_15:57:35 -9978.25
0.020250000059604645 -0.05225000157952309 6.627999782562256 0.045294955372810364 0.0950307697057724 6.77400016784668 0.04298710450530052 -0.2886497676372528 0.12561985850334167 0.30347511172294617 4.697999954223633 -0.15919212996959686 -0.3023740351200104 0.3924500048160553 6.015500068664551 1.3416999578475952 5.133999824523926 0.22613400220870972 3.0820000171661377 1.173799991607666 -8.881551742553711 2.3162012100219727 2541.590087890625 2025_02_18_15:57:35 -10180.166259765625
0.020250000059604645 -0.05225000157952309 6.627999782562256 0.045294955372810364 0.0950307697057724 6.77400016784668 0.04298710450530052 -0.2886497676372528 0.12561985850334167 0.30347511172294617 4.697999954223633 -0.15919212996959686 -0.3023740351200104 0.3924500048160553 6.015500068664551 1.3416999578475952 5.133999824523926 0.22613400220870972 3.0820000171661377 1.173799991607666 -10.0809965133667 2.53098201751709 2494.239990234375 2025_02_18_15:57:35 -10381.670166015625
0.020250000059604645 -0.05225000157952309 6.627999782562256 0.045294955372810364 0.0950307697057724 6.77400016784668 0.04298710450530052 -0.2886497676372528 0.12561985850334167 0.30347511172294617 4.697999954223633 -0.15919212996959686 -0.3023740351200104 0.3924500048160553 6.015500068664551 1.3416999578475952 5.133999824523926 0.22613400220870972 3.0820000171661377 1.173799991607666 -10.802908897399902 2.810884475708008 2457.030029296875 2025_02_18_15:57:35 -10583.0849609375
0.029400000348687172 -0.05225000157952309 6.0279998779296875 0.045294955372810364 0.0950307697057724 6.77400016784668 0.04298710450530052 -0.2886497676372528 0.12561985850334167 0.30347511172294617 4.697999954223633 -0.15919212996959686 -0.3023740351200104 0.3924500048160553 6.015500068664551 1.3416999578475952 5.133999824523926 0.22613400220870972 3.0820000171661377 1.173799991607666 -11.274622917175293 3.2052741050720215 2423.72998046875 2025_02_18_15:57:35 -10785.32958984375
0.029400000348687172 -0.05225000157952309 6.627999782562256 0.045294955372810364 0.0950307697057724 6.77400016784668 0.04298710450530052 -0.2886497676372528 0.12561985850334167 0.30347511172294617 4.697999954223633 -0.15919212996959686 -0.3023740351200104 0.3924500048160553 6.015500068664551 1.3416999578475952 5.133999824523926 0.22613400220870972 3.0820000171661377 1.173799991607666 -11.731164932250977 3.3920013904571533 2419.949951171875 2025_02_18_15:57:36 -10986.802978515625
0.029400000348687172 -0.05225000157952309 6.627999782562256 0.045294955372810364 0.0950307697057724 6.77400016784668 0.04298710450530052 -0.2886497676372528 0.12561985850334167 0.30347511172294617 4.697999954223633 -0.15919212996959686 -0.3023740351200104 0.3924500048160553 6.015500068664551 1.3416999578475952 5.133999824523926 0.22613400220870972 3.0820000171661377 1.173799991607666 -12.240251541137695 3.474557876586914 2373.820068359375 2025_02_18_15:57:36 -11188.298583984375
0.029400000348687172 -0.05225000157952309 6.627999782562256 0.045294955372810364 0.0950307697057724 6.77400016784668 0.04298710450530052 -0.2886497676372528 0.12561985850334167 0.30347511172294617 4.697999954223633 -0.15919212996959686 -0.3023740351200104 0.3924500048160553 6.015500068664551 1.3416999578475952 5.133999824523926 0.22613400220870972 3.0820000171661377 1.173799991607666 -12.604395866394043 3.5337815284729004 2342.300048828125 2025_02_18_15:57:36 -11390.032470703125
0.020250000059604645 -0.0442500002682209 6.0279998779296875 0.045294955372810364 0.0950307697057724 6.77400016784668 0.04298710450530052 -0.2886497676372528 0.12561985850334167 0.30347511172294617 4.697999954223633 -0.15919212996959686 -0.3023740351200104 0.3924500048160553 6.015500068664551 1.3416999578475952 5.133999824523926 0.22613400220870972 3.0820000171661377 1.173799991607666 -12.888443946838379 3.589296579360962 2315.570068359375 2025_02_18_15:57:36 -11593.03125
0.020250000059604645 -0.0442500002682209 6.627999782562256 0.045294955372810364 0.0950307697057724 6.77400016784668 0.04298710450530052 -0.2886497676372528 0.12561985850334167 0.30347511172294617 4.697999954223633 -0.15919212996959686 -0.3023740351200104 0.3924500048160553 6.015500068664551 1.3416999578475952 5.133999824523926 0.22613400220870972 3.0820000171661377 1.173799991607666 -13.301867485046387 3.5610475540161133 2304.919921875 2025_02_18_15:57:36 -11795.008544921875
0.020250000059604645 -0.0442500002682209 6.627999782562256 0.045294955372810364 0.0950307697057724 6.77400016784668 0.04298710450530052 -0.2886497676372528 0.12561985850334167 0.30347511172294617 4.697999954223633 -0.15919212996959686 -0.3023740351200104 0.3924500048160553 6.015500068664551 1.3416999578475952 5.133999824523926 0.22613400220870972 3.0820000171661377 1.173799991607666 -13.74921989440918 3.636653423309326 2261.0 2025_02_18_15:57:37 -11996.6298828125
0.020250000059604645 -0.0442500002682209 6.627999782562256 0.045294955372810364 0.0950307697057724 6.77400016784668 0.04298710450530052 -0.2886497676372528 0.12561985850334167 0.30347511172294617 4.697999954223633 -0.15919212996959686 -0.3023740351200104 0.3924500048160553 6.015500068664551 1.3416999578475952 5.133999824523926 0.22613400220870972 3.0820000171661377 1.173799991607666 -13.966596603393555 3.6771087646484375 2240.610107421875 2025_02_18_15:57:37 -12199.651123046875
0.029400000348687172 -0.0442500002682209 6.0279998779296875 0.045294955372810364 0.0950307697057724 6.77400016784668 0.04298710450530052 -0.2886497676372528 0.12561985850334167 0.30347511172294617 4.697999954223633 -0.15919212996959686 -0.3023740351200104 0.3924500048160553 6.015500068664551 1.3416999578475952 5.133999824523926 0.22613400220870972 3.0820000171661377 1.173799991607666 -14.474124908447266 3.7042696475982666 2200.800048828125 2025_02_18_15:57:37 -12403.62158203125
0.029400000348687172 -0.0442500002682209 6.627999782562256 0.045294955372810364 0.0950307697057724 6.77400016784668 0.04298710450530052 -0.2886497676372528 0.12561985850334167 0.30347511172294617 4.697999954223633 -0.15919212996959686 -0.3023740351200104 0.3924500048160553 6.015500068664551 1.3416999578475952 5.133999824523926 0.22613400220870972 3.0820000171661377 1.173799991607666 -14.911764144897461 3.5007083415985107 2202.6201171875 2025_02_18_15:57:37 -12605.518798828125
0.029400000348687172 -0.0442500002682209 6.627999782562256 0.045294955372810364 0.0950307697057724 6.77400016784668 0.04298710450530052 -0.2886497676372528 0.12561985850334167 0.30347511172294617 4.697999954223633 -0.15919212996959686 -0.3023740351200104 0.3924500048160553 6.015500068664551 1.3416999578475952 5.133999824523926 0.22613400220870972 3.0820000171661377 1.173799991607666 -15.283839225769043 3.462191581726074 2172.68994140625 2025_02_18_15:57:37 -12807.0517578125
0.029400000348687172 -0.0442500002682209 6.627999782562256 0.045294955372810364 0.0950307697057724 6.77400016784668 0.04298710450530052 -0.2886497676372528 0.12561985850334167 0.30347511172294617 4.697999954223633 -0.15919212996959686 -0.3023740351200104 0.3924500048160553 6.015500068664551 1.3416999578475952 5.133999824523926 0.22613400220870972 3.0820000171661377 1.173799991607666 -15.318475723266602 3.5176587104797363 2153.280029296875 2025_02_18_15:57:38 -13008.570068359375
0.08451226353645325 -0.1771732121706009 6.0279998779296875 0.045294955372810364 0.0950307697057724 6.77400016784668 0.04298710450530052 -0.2886497676372528 0.12561985850334167 0.30347511172294617 4.697999954223633 -0.15919212996959686 -0.3023740351200104 0.3924500048160553 6.015500068664551 1.3416999578475952 5.133999824523926 0.22613400220870972 3.0820000171661377 1.173799991607666 -12.000388145446777 2.1855509281158447 2644.27001953125 2025_02_18_15:57:42 -17267.008544921875
0.08451226353645325 -0.1771732121706009 6.627999782562256 0.045294955372810364 0.0950307697057724 6.77400016784668 0.04298710450530052 -0.2886497676372528 0.12561985850334167 0.30347511172294617 4.697999954223633 -0.15919212996959686 -0.3023740351200104 0.3924500048160553 6.015500068664551 1.3416999578475952 5.133999824523926 0.22613400220870972 3.0820000171661377 1.173799991607666 -11.738269805908203 2.2129387855529785 2643.050048828125 2025_02_18_15:57:42 -17468.392333984375
0.08451226353645325 -0.1771732121706009 6.627999782562256 0.045294955372810364 0.0950307697057724 6.77400016784668 0.04298710450530052 -0.2886497676372528 0.12561985850334167 0.30347511172294617 4.697999954223633 -0.15919212996959686 -0.3023740351200104 0.3924500048160553 6.015500068664551 1.3416999578475952 5.133999824523926 0.22613400220870972 3.0820000171661377 1.173799991607666 -11.57054328918457 2.2821733951568604 2639.47998046875 2025_02_18_15:57:42 -17669.815673828125
0.08451226353645325 -0.1771732121706009 6.627999782562256 0.045294955372810364 0.0950307697057724 6.77400016784668 0.04298710450530052 -0.2886497676372528 0.12561985850334167 0.30347511172294617 4.697999954223633 -0.15919212996959686 -0.3023740351200104 0.3924500048160553 6.015500068664551 1.3416999578475952 5.133999824523926 0.22613400220870972 3.0820000171661377 1.173799991607666 -11.205039978027344 2.4738619327545166 2626.60009765625 2025_02_18_15:57:43 -17871.12890625
0.10009867697954178 -0.20789331197738647 6.0279998779296875 0.045294955372810364 0.0950307697057724 6.77400016784668 0.04298710450530052 -0.2886497676372528 0.12561985850334167 0.30347511172294617 4.697999954223633 -0.15919212996959686 -0.3023740351200104 0.3924500048160553 6.015500068664551 1.3416999578475952 5.133999824523926 0.22613400220870972 3.0820000171661377 1.173799991607666 -9.068942070007324 2.8277041912078857 2639.949951171875 2025_02_18_15:57:45 -19904.313720703125
0.10009867697954178 -0.20789331197738647 6.627999782562256 0.045294955372810364 0.0950307697057724 6.77400016784668 0.04298710450530052 -0.2886497676372528 0.12561985850334167 0.30347511172294617 4.697999954223633 -0.15919212996959686 -0.3023740351200104 0.3924500048160553 6.015500068664551 1.3416999578475952 5.133999824523926 0.22613400220870972 3.0820000171661377 1.173799991607666 -8.965692520141602 2.8607370853424072 2641.389892578125 2025_02_18_15:57:45 -20106.1103515625
0.10009867697954178 -0.20789331197738647 6.627999782562256 0.045294955372810364 0.0950307697057724 6.77400016784668 0.04298710450530052 -0.2886497676372528 0.12561985850334167 0.30347511172294617 4.697999954223633 -0.15919212996959686 -0.3023740351200104 0.3924500048160553 6.015500068664551 1.3416999578475952 5.133999824523926 0.22613400220870972 3.0820000171661377 1.173799991607666 -8.910216331481934 3.000032424926758 2633.469970703125 2025_02_18_15:57:45 -20307.724853515625
0.10009867697954178 -0.20789331197738647 6.627999782562256 0.045294955372810364 0.0950307697057724 6.77400016784668 0.04298710450530052 -0.2886497676372528 0.12561985850334167 0.30347511172294617 4.697999954223633 -0.15919212996959686 -0.3023740351200104 0.3924500048160553 6.015500068664551 1.3416999578475952 5.133999824523926 0.22613400220870972 3.0820000171661377 1.173799991607666 -8.8864107131958 3.0807769298553467 2629.31005859375 2025_02_18_15:57:45 -20509.11962890625
0.10005861520767212 -0.20789338648319244 6.0279998779296875 0.045294955372810364 0.0950307697057724 6.77400016784668 0.04298710450530052 -0.2886497676372528 0.12561985850334167 0.30347511172294617 4.697999954223633 -0.15919212996959686 -0.3023740351200104 0.3924500048160553 6.015500068664551 1.3416999578475952 5.133999824523926 0.22613400220870972 3.0820000171661377 1.173799991607666 -8.359992980957031 3.0482177734375 2670.449951171875 2025_02_18_15:57:47 -21919.993408203125
0.10005861520767212 -0.20789338648319244 6.627999782562256 0.045294955372810364 0.0950307697057724 6.77400016784668 0.04298710450530052 -0.2886497676372528 0.12561985850334167 0.30347511172294617 4.697999954223633 -0.15919212996959686 -0.3023740351200104 0.3924500048160553 6.015500068664551 1.3416999578475952 5.133999824523926 0.22613400220870972 3.0820000171661377 1.173799991607666 -8.339016914367676 3.0858960151672363 2669.550048828125 2025_02_18_15:57:47 -22122.046630859375
0.10005861520767212 -0.20789338648319244 6.627999782562256 0.045294955372810364 0.0950307697057724 6.77400016784668 0.04298710450530052 -0.2886497676372528 0.12561985850334167 0.30347511172294617 4.697999954223633 -0.15919212996959686 -0.3023740351200104 0.3924500048160553 6.015500068664551 1.3416999578475952 5.133999824523926 0.22613400220870972 3.0820000171661377 1.173799991607666 -8.26601791381836 3.2507247924804688 2659.199951171875 2025_02_18_15:57:47 -22323.7197265625
0.10005861520767212 -0.20789338648319244 6.627999782562256 0.045294955372810364 0.0950307697057724 6.77400016784668 0.04298710450530052 -0.2886497676372528 0.12561985850334167 0.30347511172294617 4.697999954223633 -0.15919212996959686 -0.3023740351200104 0.3924500048160553 6.015500068664551 1.3416999578475952 5.133999824523926 0.22613400220870972 3.0820000171661377 1.173799991607666 -8.22612190246582 3.371920585632324 2650.85009765625 2025_02_18_15:57:47 -22525.338134765625
