1MXY1_Y 1MXY1_X 1MS1 1MXY2_Y 1MXY2_X 1MS2 1MXY3_Y 1MXY3_X 1MXY4_Y 1MXY4_X 1MS3 1MXY5_Y 1MXY5_X 1MXY6_Y 1MS4 1MS5 1MS6 1MQ71_X 1MS7 1MS8 1BPM3_Y 1BPM3_X 1BPM3_SUM time milliseconds
0.37380000948905945 -0.2651999890804291 5.9720001220703125 -0.008999999612569809 0.06960000097751617 7.105999946594238 -0.009600000455975533 -0.335999995470047 0.11100000143051147 0.298799991607666 4.5320000648498535 -0.16859999299049377 -0.1860000044107437 0.37400001287460327 4.245999813079834 1.281999945640564 3.2880001068115234 0.07559999823570251 2.0460000038146973 0.0 13.178646087646484 -10.614777565002441 298.3999938964844 2025_01_28_19:11:12 -232.444580078125
0.37380000948905945 -0.2651999890804291 5.9720001220703125 -0.008999999612569809 0.06960000097751617 7.105999946594238 -0.009600000455975533 -0.335999995470047 0.11100000143051147 0.298799991607666 4.5320000648498535 -0.16859999299049377 -0.1860000044107437 0.37400001287460327 4.245999813079834 1.281999945640564 3.2880001068115234 0.07559999823570251 2.0460000038146973 0.0 13.34809684753418 -10.81373405456543 296.30999755859375 2025_01_28_19:11:13 -1053.183349609375
0.04964999854564667 -0.09650000184774399 5.9720001220703125 -0.008999999612569809 0.06960000097751617 7.105999946594238 -0.009600000455975533 -0.335999995470047 0.11100000143051147 0.298799991607666 4.5320000648498535 -0.16859999299049377 -0.1860000044107437 0.37400001287460327 4.245999813079834 1.281999945640564 3.2880001068115234 0.07559999823570251 2.0460000038146973 0.0 13.33183479309082 -10.877569198608398 293.0899963378906 2025_01_28_19:11:13 -1255.92578125
0.04050000011920929 -0.10450000315904617 5.9720001220703125 -0.008999999612569809 0.06960000097751617 7.105999946594238 -0.009600000455975533 -0.335999995470047 0.11100000143051147 0.298799991607666 4.5320000648498535 -0.16859999299049377 -0.1860000044107437 0.37400001287460327 4.245999813079834 1.281999945640564 3.2880001068115234 0.07559999823570251 2.0460000038146973 0.0 12.495391845703125 -9.674010276794434 350.30999755859375 2025_01_28_19:11:13 -1458.524169921875
0.04050000011920929 -0.0885000005364418 5.9720001220703125 -0.008999999612569809 0.06960000097751617 7.105999946594238 -0.009600000455975533 -0.335999995470047 0.11100000143051147 0.298799991607666 4.5320000648498535 -0.16859999299049377 -0.1860000044107437 0.37400001287460327 4.245999813079834 1.281999945640564 3.2880001068115234 0.07559999823570251 2.0460000038146973 0.0 11.743268966674805 -8.626151084899902 401.7900085449219 2025_01_28_19:11:14 -1661.17041015625
0.058800000697374344 -0.10450000315904617 5.9720001220703125 -0.008999999612569809 0.06960000097751617 7.105999946594238 -0.009600000455975533 -0.335999995470047 0.11100000143051147 0.298799991607666 4.5320000648498535 -0.16859999299049377 -0.1860000044107437 0.37400001287460327 4.245999813079834 1.281999945640564 3.2880001068115234 0.07559999823570251 2.0460000038146973 0.0 10.783720970153809 -7.286657333374023 462.42999267578125 2025_01_28_19:11:14 -1863.927001953125
0.058800000697374344 -0.0885000005364418 5.9720001220703125 -0.008999999612569809 0.06960000097751617 7.105999946594238 -0.009600000455975533 -0.335999995470047 0.11100000143051147 0.298799991607666 4.5320000648498535 -0.16859999299049377 -0.1860000044107437 0.37400001287460327 4.245999813079834 1.281999945640564 3.2880001068115234 0.07559999823570251 2.0460000038146973 0.0 10.06467056274414 -6.261117458343506 511.010009765625 2025_01_28_19:11:14 -2066.53857421875
0.08493579179048538 -0.19953186810016632 5.9720001220703125 -0.008999999612569809 0.06960000097751617 7.105999946594238 -0.009600000455975533 -0.335999995470047 0.11100000143051147 0.298799991607666 4.5320000648498535 -0.16859999299049377 -0.1860000044107437 0.37400001287460327 4.245999813079834 1.281999945640564 3.2880001068115234 0.07559999823570251 2.0460000038146973 0.0 1.4369959831237793 3.526216506958008 1149.6500244140625 2025_01_28_19:11:17 -4831.3603515625
0.08493582159280777 -0.19910764694213867 5.9720001220703125 -0.008999999612569809 0.06960000097751617 7.105999946594238 -0.009600000455975533 -0.335999995470047 0.11100000143051147 0.298799991607666 4.5320000648498535 -0.16859999299049377 -0.1860000044107437 0.37400001287460327 4.245999813079834 1.281999945640564 3.2880001068115234 0.07559999823570251 2.0460000038146973 0.0 1.1660147905349731 2.154996156692505 1157.6800537109375 2025_01_28_19:11:17 -5561.64306640625
0.08509939908981323 -0.19935797154903412 5.9720001220703125 -0.008999999612569809 0.06960000097751617 7.105999946594238 -0.009600000455975533 -0.335999995470047 0.11100000143051147 0.298799991607666 4.5320000648498535 -0.16859999299049377 -0.1860000044107437 0.37400001287460327 4.245999813079834 1.281999945640564 3.2880001068115234 0.07559999823570251 2.0460000038146973 0.0 0.6749089956283569 -0.10311378538608551 1183.4599609375 2025_01_28_19:11:19 -7089.0712890625
0.08515065163373947 -0.19936907291412354 5.9720001220703125 -0.008999999612569809 0.06960000097751617 7.105999946594238 -0.009600000455975533 -0.335999995470047 0.11100000143051147 0.298799991607666 4.5320000648498535 -0.16859999299049377 -0.1860000044107437 0.37400001287460327 4.245999813079834 1.281999945640564 3.2880001068115234 0.07559999823570251 2.0460000038146973 0.0 0.6655815243721008 -0.12696155905723572 1183.3299560546875 2025_01_28_19:11:20 -7862.796142578125
0.08525511622428894 -0.1994001716375351 5.9720001220703125 -0.008999999612569809 0.06960000097751617 7.105999946594238 -0.009600000455975533 -0.335999995470047 0.11100000143051147 0.298799991607666 4.5320000648498535 -0.16859999299049377 -0.1860000044107437 0.37400001287460327 4.245999813079834 1.281999945640564 3.2880001068115234 0.07559999823570251 2.0460000038146973 0.0 0.6558032035827637 -0.1365969479084015 1181.9200439453125 2025_01_28_19:11:21 -8952.79345703125
0.08528807759284973 -0.1980498880147934 5.9720001220703125 -0.008999999612569809 0.06960000097751617 7.105999946594238 -0.009600000455975533 -0.335999995470047 0.11100000143051147 0.298799991607666 4.5320000648498535 -0.16859999299049377 -0.1860000044107437 0.37400001287460327 4.245999813079834 1.281999945640564 3.2880001068115234 0.07559999823570251 2.0460000038146973 0.0 0.6136877536773682 -0.13004900515079498 1182.2900390625 2025_01_28_19:11:22 -9643.05810546875
0.08534019440412521 -0.19094479084014893 5.9720001220703125 -0.008999999612569809 0.06960000097751617 7.105999946594238 -0.009600000455975533 -0.335999995470047 0.11100000143051147 0.298799991607666 4.5320000648498535 -0.16859999299049377 -0.1860000044107437 0.37400001287460327 4.245999813079834 1.281999945640564 3.2880001068115234 0.07559999823570251 2.0460000038146973 0.0 0.72027587890625 -0.07267022877931595 1177.739990234375 2025_01_28_19:11:23 -10801.869873046875
0.085364431142807 -0.18717992305755615 5.9720001220703125 -0.008999999612569809 0.06960000097751617 7.105999946594238 -0.009600000455975533 -0.335999995470047 0.11100000143051147 0.298799991607666 4.5320000648498535 -0.16859999299049377 -0.1860000044107437 0.37400001287460327 4.245999813079834 1.281999945640564 3.2880001068115234 0.07559999823570251 2.0460000038146973 0.0 0.8704155683517456 0.09273038804531097 1171.510009765625 2025_01_28_19:11:24 -11966.376953125
0.08540943264961243 -0.1820642501115799 5.9720001220703125 -0.008999999612569809 0.06960000097751617 7.105999946594238 -0.009600000455975533 -0.335999995470047 0.11100000143051147 0.298799991607666 4.5320000648498535 -0.16859999299049377 -0.1860000044107437 0.37400001287460327 4.245999813079834 1.281999945640564 3.2880001068115234 0.07559999823570251 2.0460000038146973 0.0 1.1234157085418701 0.3479318618774414 1174.93994140625 2025_01_28_19:11:25 -13364.78955078125
0.08545775711536407 -0.17849762737751007 5.9720001220703125 -0.008999999612569809 0.06960000097751617 7.105999946594238 -0.009600000455975533 -0.335999995470047 0.11100000143051147 0.298799991607666 4.5320000648498535 -0.16859999299049377 -0.1860000044107437 0.37400001287460327 4.245999813079834 1.281999945640564 3.2880001068115234 0.07559999823570251 2.0460000038146973 0.0 1.2220274209976196 0.449931263923645 1178.9599609375 2025_01_28_19:11:26 -13949.704345703125
0.08551198244094849 -0.1770000010728836 5.9720001220703125 -0.008999999612569809 0.06960000097751617 7.105999946594238 -0.009600000455975533 -0.335999995470047 0.11100000143051147 0.298799991607666 4.5320000648498535 -0.16859999299049377 -0.1860000044107437 0.37400001287460327 4.245999813079834 1.281999945640564 3.2880001068115234 0.07559999823570251 2.0460000038146973 0.0 1.2782245874404907 0.5744306445121765 1182.0999755859375 2025_01_28_19:11:27 -14883.230712890625
0.08559417724609375 -0.20900000631809235 5.9720001220703125 -0.008999999612569809 0.06960000097751617 7.105999946594238 -0.009600000455975533 -0.335999995470047 0.11100000143051147 0.298799991607666 4.5320000648498535 -0.16859999299049377 -0.1860000044107437 0.37400001287460327 4.245999813079834 1.281999945640564 3.2880001068115234 0.07559999823570251 2.0460000038146973 0.0 1.2283658981323242 0.4943080246448517 1185.3699951171875 2025_01_28_19:11:27 -15412.844970703125
0.058800000697374344 -0.0885000005364418 5.9720001220703125 -0.008999999612569809 0.06960000097751617 7.105999946594238 -0.009600000455975533 -0.335999995470047 0.11100000143051147 0.298799991607666 4.5320000648498535 -0.16859999299049377 -0.1860000044107437 0.37400001287460327 4.245999813079834 1.281999945640564 3.2880001068115234 0.07559999823570251 2.0460000038146973 0.0 1.236404299736023 0.6127996444702148 1184.739990234375 2025_01_28_19:11:28 -15641.860595703125
