1MXY1_Y 1MXY1_X 1MS1 1MXY2_Y 1MXY2_X 1MS2 1MXY3_Y 1MXY3_X 1MXY4_Y 1MXY4_X 1MS3 1MXY5_Y 1MXY5_X 1MXY6_Y 1MS4 1MS5 1MS6 1MQ71_X 1MS7 1MS8 1BPM3_Y 1BPM3_X 1BPM3_SUM time milliseconds
0.058800000697374344 -0.0885000005364418 5.9720001220703125 -0.008999999612569809 0.06960000097751617 7.105999946594238 -0.009600000455975533 -0.335999995470047 0.11100000143051147 0.298799991607666 4.5320000648498535 -0.16859999299049377 -0.1860000044107437 0.37400001287460327 4.245999813079834 1.281999945640564 3.2880001068115234 0.07559999823570251 2.0460000038146973 0.0 1.9652414321899414 6.351248741149902 1088.6300048828125 2025_01_28_19:04:52 -232.972900390625
0.058800000697374344 -0.0885000005364418 5.9720001220703125 -0.008999999612569809 0.06960000097751617 7.105999946594238 -0.009600000455975533 -0.335999995470047 0.11100000143051147 0.298799991607666 4.5320000648498535 -0.16859999299049377 -0.1860000044107437 0.37400001287460327 4.245999813079834 1.281999945640564 3.2880001068115234 0.07559999823570251 2.0460000038146973 0.0 1.9803853034973145 6.303600311279297 1087.7099609375 2025_01_28_19:04:52 -1046.93896484375
0.04964999854564667 -0.09650000184774399 5.9720001220703125 -0.008999999612569809 0.06960000097751617 7.105999946594238 -0.009600000455975533 -0.335999995470047 0.11100000143051147 0.298799991607666 4.5320000648498535 -0.16859999299049377 -0.1860000044107437 0.37400001287460327 4.245999813079834 1.281999945640564 3.2880001068115234 0.07559999823570251 2.0460000038146973 0.0 1.993685245513916 6.294795989990234 1088.02001953125 2025_01_28_19:04:53 -1251.333984375
0.04050000011920929 -0.10450000315904617 5.9720001220703125 -0.008999999612569809 0.06960000097751617 7.105999946594238 -0.009600000455975533 -0.335999995470047 0.11100000143051147 0.298799991607666 4.5320000648498535 -0.16859999299049377 -0.1860000044107437 0.37400001287460327 4.245999813079834 1.281999945640564 3.2880001068115234 0.07559999823570251 2.0460000038146973 0.0 1.9045135974884033 6.275695323944092 1089.18994140625 2025_01_28_19:04:53 -1455.492431640625
0.04050000011920929 -0.0885000005364418 5.9720001220703125 -0.008999999612569809 0.06960000097751617 7.105999946594238 -0.009600000455975533 -0.335999995470047 0.11100000143051147 0.298799991607666 4.5320000648498535 -0.16859999299049377 -0.1860000044107437 0.37400001287460327 4.245999813079834 1.281999945640564 3.2880001068115234 0.07559999823570251 2.0460000038146973 0.0 1.8488068580627441 6.2589802742004395 1088.469970703125 2025_01_28_19:04:53 -1657.81982421875
0.058800000697374344 -0.10450000315904617 5.9720001220703125 -0.008999999612569809 0.06960000097751617 7.105999946594238 -0.009600000455975533 -0.335999995470047 0.11100000143051147 0.298799991607666 4.5320000648498535 -0.16859999299049377 -0.1860000044107437 0.37400001287460327 4.245999813079834 1.281999945640564 3.2880001068115234 0.07559999823570251 2.0460000038146973 0.0 1.7977169752120972 6.245814800262451 1087.31005859375 2025_01_28_19:04:53 -1860.41357421875
0.058800000697374344 -0.0885000005364418 5.9720001220703125 -0.008999999612569809 0.06960000097751617 7.105999946594238 -0.009600000455975533 -0.335999995470047 0.11100000143051147 0.298799991607666 4.5320000648498535 -0.16859999299049377 -0.1860000044107437 0.37400001287460327 4.245999813079834 1.281999945640564 3.2880001068115234 0.07559999823570251 2.0460000038146973 0.0 1.7582424879074097 6.220767021179199 1087.260009765625 2025_01_28_19:04:53 -2062.939453125
0.11756198108196259 -0.20724402368068695 5.9720001220703125 -0.008999999612569809 0.06960000097751617 7.105999946594238 -0.009600000455975533 -0.335999995470047 0.11100000143051147 0.298799991607666 4.5320000648498535 -0.16859999299049377 -0.1860000044107437 0.37400001287460327 4.245999813079834 1.281999945640564 3.2880001068115234 0.07559999823570251 2.0460000038146973 0.0 1.6610888242721558 3.3986988067626953 1118.6800537109375 2025_01_28_19:04:56 -4352.0888671875
0.1175619587302208 -0.20724408328533173 5.9720001220703125 -0.008999999612569809 0.06960000097751617 7.105999946594238 -0.009600000455975533 -0.335999995470047 0.11100000143051147 0.298799991607666 4.5320000648498535 -0.16859999299049377 -0.1860000044107437 0.37400001287460327 4.245999813079834 1.281999945640564 3.2880001068115234 0.07559999823570251 2.0460000038146973 0.0 1.7971817255020142 1.8806178569793701 1125.699951171875 2025_01_28_19:04:56 -4871.541259765625
0.11756277084350586 -0.207602396607399 5.9720001220703125 -0.008999999612569809 0.06960000097751617 7.105999946594238 -0.009600000455975533 -0.335999995470047 0.11100000143051147 0.298799991607666 4.5320000648498535 -0.16859999299049377 -0.1860000044107437 0.37400001287460327 4.245999813079834 1.281999945640564 3.2880001068115234 0.07559999823570251 2.0460000038146973 0.0 1.6150153875350952 -1.3102943897247314 1150.18994140625 2025_01_28_19:04:58 -6210.171630859375
0.11756323277950287 -0.2078929841518402 5.9720001220703125 -0.008999999612569809 0.06960000097751617 7.105999946594238 -0.009600000455975533 -0.335999995470047 0.11100000143051147 0.298799991607666 4.5320000648498535 -0.16859999299049377 -0.1860000044107437 0.37400001287460327 4.245999813079834 1.281999945640564 3.2880001068115234 0.07559999823570251 2.0460000038146973 0.0 1.5799578428268433 -1.6113739013671875 1153.1400146484375 2025_01_28_19:04:58 -6709.05419921875
0.11756367981433868 -0.20786932110786438 5.9720001220703125 -0.008999999612569809 0.06960000097751617 7.105999946594238 -0.009600000455975533 -0.335999995470047 0.11100000143051147 0.298799991607666 4.5320000648498535 -0.16859999299049377 -0.1860000044107437 0.37400001287460327 4.245999813079834 1.281999945640564 3.2880001068115234 0.07559999823570251 2.0460000038146973 0.0 1.5956752300262451 -1.6533079147338867 1150.5699462890625 2025_01_28_19:04:59 -7847.552490234375
0.1175636500120163 -0.20791444182395935 5.9720001220703125 -0.008999999612569809 0.06960000097751617 7.105999946594238 -0.009600000455975533 -0.335999995470047 0.11100000143051147 0.298799991607666 4.5320000648498535 -0.16859999299049377 -0.1860000044107437 0.37400001287460327 4.245999813079834 1.281999945640564 3.2880001068115234 0.07559999823570251 2.0460000038146973 0.0 1.5904067754745483 -1.6250888109207153 1148.8399658203125 2025_01_28_19:05:00 -8924.2509765625
0.11756330728530884 -0.20795249938964844 5.9720001220703125 -0.008999999612569809 0.06960000097751617 7.105999946594238 -0.009600000455975533 -0.335999995470047 0.11100000143051147 0.298799991607666 4.5320000648498535 -0.16859999299049377 -0.1860000044107437 0.37400001287460327 4.245999813079834 1.281999945640564 3.2880001068115234 0.07559999823570251 2.0460000038146973 0.0 1.627140998840332 -1.6106817722320557 1150.949951171875 2025_01_28_19:05:01 -9712.34130859375
0.1175658255815506 -0.20795409381389618 5.9720001220703125 -0.008999999612569809 0.06960000097751617 7.105999946594238 -0.009600000455975533 -0.335999995470047 0.11100000143051147 0.298799991607666 4.5320000648498535 -0.16859999299049377 -0.1860000044107437 0.37400001287460327 4.245999813079834 1.281999945640564 3.2880001068115234 0.07559999823570251 2.0460000038146973 0.0 1.596381425857544 -1.6081143617630005 1155.699951171875 2025_01_28_19:05:02 -10259.9443359375
0.11756229400634766 -0.20796775817871094 5.9720001220703125 -0.008999999612569809 0.06960000097751617 7.105999946594238 -0.009600000455975533 -0.335999995470047 0.11100000143051147 0.298799991607666 4.5320000648498535 -0.16859999299049377 -0.1860000044107437 0.37400001287460327 4.245999813079834 1.281999945640564 3.2880001068115234 0.07559999823570251 2.0460000038146973 0.0 1.6114387512207031 -1.647825002670288 1153.3499755859375 2025_01_28_19:05:03 -11829.719970703125
0.08100000023841858 -0.1951252967119217 5.9720001220703125 -0.008999999612569809 0.06960000097751617 7.105999946594238 -0.009600000455975533 -0.335999995470047 0.11100000143051147 0.298799991607666 4.5320000648498535 -0.16859999299049377 -0.1860000044107437 0.37400001287460327 4.245999813079834 1.281999945640564 3.2880001068115234 0.07559999823570251 2.0460000038146973 0.0 1.428209662437439 -1.4517103433609009 1153.280029296875 2025_01_28_19:05:04 -12566.523193359375
0.08100000023841858 -0.19504179060459137 5.9720001220703125 -0.008999999612569809 0.06960000097751617 7.105999946594238 -0.009600000455975533 -0.335999995470047 0.11100000143051147 0.298799991607666 4.5320000648498535 -0.16859999299049377 -0.1860000044107437 0.37400001287460327 4.245999813079834 1.281999945640564 3.2880001068115234 0.07559999823570251 2.0460000038146973 0.0 0.38745376467704773 -0.26385748386383057 1133.510009765625 2025_01_28_19:05:05 -13979.43359375
0.08100000023841858 -0.19497576355934143 5.9720001220703125 -0.008999999612569809 0.06960000097751617 7.105999946594238 -0.009600000455975533 -0.335999995470047 0.11100000143051147 0.298799991607666 4.5320000648498535 -0.16859999299049377 -0.1860000044107437 0.37400001287460327 4.245999813079834 1.281999945640564 3.2880001068115234 0.07559999823570251 2.0460000038146973 0.0 0.03273569792509079 0.18276289105415344 1128.4200439453125 2025_01_28_19:05:06 -14561.03369140625
0.08100000023841858 -0.19487693905830383 5.9720001220703125 -0.008999999612569809 0.06960000097751617 7.105999946594238 -0.009600000455975533 -0.335999995470047 0.11100000143051147 0.298799991607666 4.5320000648498535 -0.16859999299049377 -0.1860000044107437 0.37400001287460327 4.245999813079834 1.281999945640564 3.2880001068115234 0.07559999823570251 2.0460000038146973 0.0 -0.5786775946617126 0.9332077503204346 1113.6800537109375 2025_01_28_19:05:07 -15850.6181640625
0.08100000023841858 -0.19476473331451416 5.9720001220703125 -0.008999999612569809 0.06960000097751617 7.105999946594238 -0.009600000455975533 -0.335999995470047 0.11100000143051147 0.298799991607666 4.5320000648498535 -0.16859999299049377 -0.1860000044107437 0.37400001287460327 4.245999813079834 1.281999945640564 3.2880001068115234 0.07559999823570251 2.0460000038146973 0.0 -0.5222318768501282 0.9440025091171265 1119.93994140625 2025_01_28_19:05:08 -16881.954833984375
0.08100000023841858 -0.194675475358963 5.9720001220703125 -0.008999999612569809 0.06960000097751617 7.105999946594238 -0.009600000455975533 -0.335999995470047 0.11100000143051147 0.298799991607666 4.5320000648498535 -0.16859999299049377 -0.1860000044107437 0.37400001287460327 4.245999813079834 1.281999945640564 3.2880001068115234 0.07559999823570251 2.0460000038146973 0.0 -0.4145323634147644 0.8578389883041382 1134.81005859375 2025_01_28_19:05:10 -18682.386962890625
0.08100000023841858 -0.19467978179454803 5.9720001220703125 -0.008999999612569809 0.06960000097751617 7.105999946594238 -0.009600000455975533 -0.335999995470047 0.11100000143051147 0.298799991607666 4.5320000648498535 -0.16859999299049377 -0.1860000044107437 0.37400001287460327 4.245999813079834 1.281999945640564 3.2880001068115234 0.07559999823570251 2.0460000038146973 0.0 -0.4741572439670563 0.8652995824813843 1129.7900390625 2025_01_28_19:05:11 -19714.94921875
0.08100000023841858 -0.19481059908866882 5.9720001220703125 -0.008999999612569809 0.06960000097751617 7.105999946594238 -0.009600000455975533 -0.335999995470047 0.11100000143051147 0.298799991607666 4.5320000648498535 -0.16859999299049377 -0.1860000044107437 0.37400001287460327 4.245999813079834 1.281999945640564 3.2880001068115234 0.07559999823570251 2.0460000038146973 0.0 -0.4801957309246063 0.8599580526351929 1120.989990234375 2025_01_28_19:05:12 -20909.99853515625
0.08100000023841858 -0.19489316642284393 5.9720001220703125 -0.008999999612569809 0.06960000097751617 7.105999946594238 -0.009600000455975533 -0.335999995470047 0.11100000143051147 0.298799991607666 4.5320000648498535 -0.16859999299049377 -0.1860000044107437 0.37400001287460327 4.245999813079834 1.281999945640564 3.2880001068115234 0.07559999823570251 2.0460000038146973 0.0 -0.44493216276168823 0.8380427360534668 1123.68994140625 2025_01_28_19:05:13 -21855.723388671875
0.08100000023841858 -0.20071732997894287 5.9720001220703125 -0.008999999612569809 0.06960000097751617 7.105999946594238 -0.009600000455975533 -0.335999995470047 0.11100000143051147 0.298799991607666 4.5320000648498535 -0.16859999299049377 -0.1860000044107437 0.37400001287460327 4.245999813079834 1.281999945640564 3.2880001068115234 0.07559999823570251 2.0460000038146973 0.0 -0.4884537160396576 0.850416898727417 1123.1600341796875 2025_01_28_19:05:14 -22845.91650390625
0.08100000023841858 -0.20073284208774567 5.9720001220703125 -0.008999999612569809 0.06960000097751617 7.105999946594238 -0.009600000455975533 -0.335999995470047 0.11100000143051147 0.298799991607666 4.5320000648498535 -0.16859999299049377 -0.1860000044107437 0.37400001287460327 4.245999813079834 1.281999945640564 3.2880001068115234 0.07559999823570251 2.0460000038146973 0.0 -0.5149876475334167 0.7788926959037781 1121.3699951171875 2025_01_28_19:05:15 -23795.091796875
0.08100000023841858 -0.20090842247009277 5.9720001220703125 -0.008999999612569809 0.06960000097751617 7.105999946594238 -0.009600000455975533 -0.335999995470047 0.11100000143051147 0.298799991607666 4.5320000648498535 -0.16859999299049377 -0.1860000044107437 0.37400001287460327 4.245999813079834 1.281999945640564 3.2880001068115234 0.07559999823570251 2.0460000038146973 0.0 -0.6778842210769653 0.8051306009292603 1123.3199462890625 2025_01_28_19:05:16 -25067.67724609375
0.08100000023841858 -0.20125441253185272 5.9720001220703125 -0.008999999612569809 0.06960000097751617 7.105999946594238 -0.009600000455975533 -0.335999995470047 0.11100000143051147 0.298799991607666 4.5320000648498535 -0.16859999299049377 -0.1860000044107437 0.37400001287460327 4.245999813079834 1.281999945640564 3.2880001068115234 0.07559999823570251 2.0460000038146973 0.0 -0.7270044684410095 0.8456168174743652 1116.739990234375 2025_01_28_19:05:18 -26187.11767578125
0.08100000023841858 -0.20160289108753204 5.9720001220703125 -0.008999999612569809 0.06960000097751617 7.105999946594238 -0.009600000455975533 -0.335999995470047 0.11100000143051147 0.298799991607666 4.5320000648498535 -0.16859999299049377 -0.1860000044107437 0.37400001287460327 4.245999813079834 1.281999945640564 3.2880001068115234 0.07559999823570251 2.0460000038146973 0.0 -0.7413281798362732 0.7482100129127502 1117.81005859375 2025_01_28_19:05:19 -27511.806884765625
0.08100000023841858 -0.20191319286823273 5.9720001220703125 -0.008999999612569809 0.06960000097751617 7.105999946594238 -0.009600000455975533 -0.335999995470047 0.11100000143051147 0.298799991607666 4.5320000648498535 -0.16859999299049377 -0.1860000044107437 0.37400001287460327 4.245999813079834 1.281999945640564 3.2880001068115234 0.07559999823570251 2.0460000038146973 0.0 -0.7102797627449036 0.7078068256378174 1121.72998046875 2025_01_28_19:05:20 -28552.644775390625
0.08100000023841858 -0.20256860554218292 5.9720001220703125 -0.008999999612569809 0.06960000097751617 7.105999946594238 -0.009600000455975533 -0.335999995470047 0.11100000143051147 0.298799991607666 4.5320000648498535 -0.16859999299049377 -0.1860000044107437 0.37400001287460327 4.245999813079834 1.281999945640564 3.2880001068115234 0.07559999823570251 2.0460000038146973 0.0 -0.5731601715087891 0.526332676410675 1130.449951171875 2025_01_28_19:05:21 -29933.84619140625
0.058800000697374344 -0.0885000005364418 5.9720001220703125 -0.008999999612569809 0.06960000097751617 7.105999946594238 -0.009600000455975533 -0.335999995470047 0.11100000143051147 0.298799991607666 4.5320000648498535 -0.16859999299049377 -0.1860000044107437 0.37400001287460327 4.245999813079834 1.281999945640564 3.2880001068115234 0.07559999823570251 2.0460000038146973 0.0 -0.38049450516700745 0.7941847443580627 1126.8199462890625 2025_01_28_19:05:22 -30161.841064453125
