1MXY1_Y 1MXY1_X 1MS1 1MXY2_Y 1MXY2_X 1MS2 1MXY3_Y 1MXY3_X 1MXY4_Y 1MXY4_X 1MS3 1MXY5_Y 1MXY5_X 1MXY6_Y 1MS4 1MS5 1MS6 1MQ71_X 1MS7 1MS8 1BPM3_X 1BPM3_Y 1BPM3_SUM time milliseconds
0.6394267984578837 0.22321073814882275 0.8921795677048454 0.029797219438070344 0.026535969683863625 0.5449414806032167 0.8094304566778266 0.6981393949882269 0.9572130722067812 0.09671637683346401 0.8071282732743802 0.9731157639793706 0.8294046642529949 0.577352145256762 0.22789827565154686 0.23279088636103018 0.6356844442644002 0.2095070307714877 0.6480353852465935 0.7291267979503492 0.9899945143908426 0.6857107422933812 0.23532253238113526 2025_02_11_14:20:55 -204.182861328125
0.6394267984578837 0.22321073814882275 0.8921795677048454 0.029797219438070344 0.026535969683863625 0.5449414806032167 0.8094304566778266 0.6981393949882269 0.9572130722067812 0.09671637683346401 0.8071282732743802 0.9731157639793706 0.8294046642529949 0.577352145256762 0.22789827565154686 0.23279088636103018 0.6356844442644002 0.2095070307714877 0.6480353852465935 0.7291267979503492 0.9950003755213456 0.6874972610986826 0.24444881077458347 2025_02_11_14:20:55 -758.271728515625
0.6394267984578837 0.22321073814882275 0.8921795677048454 0.029797219438070344 0.026535969683863625 0.5449414806032167 0.8094304566778266 0.6981393949882269 0.9572130722067812 0.09671637683346401 0.8071282732743802 0.9731157639793706 0.8294046642529949 0.577352145256762 0.22789827565154686 0.23279088636103018 0.6356844442644002 0.2095070307714877 0.6480353852465935 0.7291267979503492 0.9998602801545117 0.6881893862833665 0.25205483242715576 2025_02_11_14:20:55 -959.152099609375
0.6394267984578837 0.22321073814882275 0.8921795677048454 0.029797219438070344 0.026535969683863625 0.5449414806032167 0.8094304566778266 0.6981393949882269 0.9572130722067812 0.09671637683346401 0.8071282732743802 0.9731157639793706 0.8294046642529949 0.577352145256762 0.22789827565154686 0.23279088636103018 0.6356844442644002 0.2095070307714877 0.6480353852465935 0.7291267979503492 1.0021614274804775 0.690391560127882 0.25276476328724606 2025_02_11_14:20:56 -1160.145263671875
0.6394267984578837 0.22321073814882275 0.8921795677048454 0.029797219438070344 0.026535969683863625 0.5449414806032167 0.8094304566778266 0.6981393949882269 0.9572130722067812 0.09671637683346401 0.8071282732743802 0.9731157639793706 0.8294046642529949 0.577352145256762 0.22789827565154686 0.23279088636103018 0.6356844442644002 0.2095070307714877 0.6480353852465935 0.7291267979503492 1.0088950729534105 0.7002332122415417 0.25374894199876563 2025_02_11_14:20:56 -1361.434814453125
0.6394267984578837 0.22321073814882275 1.4921795677048455 0.029797219438070344 0.026535969683863625 0.5449414806032167 0.8094304566778266 0.6981393949882269 0.9572130722067812 0.09671637683346401 0.8071282732743802 0.9731157639793706 0.8294046642529949 0.577352145256762 0.22789827565154686 0.23279088636103018 0.6356844442644002 0.2095070307714877 0.6480353852465935 0.7291267979503492 1.0137514842079176 0.7023706852335335 0.25775934492426017 2025_02_11_14:20:56 -1562.0751953125
0.6394267984578837 0.22321073814882275 1.4921795677048455 0.029797219438070344 0.026535969683863625 0.5449414806032167 0.8094304566778266 0.6981393949882269 0.9572130722067812 0.09671637683346401 0.8071282732743802 0.9731157639793706 0.8294046642529949 0.577352145256762 0.22789827565154686 0.23279088636103018 0.6356844442644002 0.2095070307714877 0.6480353852465935 0.7291267979503492 1.0222786831284005 0.7039450125129284 0.2673671339570047 2025_02_11_14:20:56 -1762.688232421875
0.6394267984578837 0.22321073814882275 1.4921795677048455 0.029797219438070344 0.026535969683863625 0.5449414806032167 0.8094304566778266 0.6981393949882269 0.9572130722067812 0.09671637683346401 0.8071282732743802 0.9731157639793706 0.8294046642529949 0.577352145256762 0.22789827565154686 0.23279088636103018 0.6356844442644002 0.2095070307714877 0.6480353852465935 0.7291267979503492 1.0254404550911191 0.7114636574370724 0.26809256510193624 2025_02_11_14:20:56 -1963.379150390625
0.04965 -0.0965 0.8921795677048454 0.029797219438070344 0.026535969683863625 0.5449414806032167 0.8094304566778266 0.6981393949882269 0.9572130722067812 0.09671637683346401 0.8071282732743802 0.9731157639793706 0.8294046642529949 0.577352145256762 0.22789827565154686 0.23279088636103018 0.6356844442644002 0.2095070307714877 0.6480353852465935 0.7291267979503492 1.0348297551303902 0.7128065685810061 0.2692468518061273 2025_02_11_14:20:57 -2164.365478515625
0.04965 -0.0965 1.4921795677048455 0.029797219438070344 0.026535969683863625 0.5449414806032167 0.8094304566778266 0.6981393949882269 0.9572130722067812 0.09671637683346401 0.8071282732743802 0.9731157639793706 0.8294046642529949 0.577352145256762 0.22789827565154686 0.23279088636103018 0.6356844442644002 0.2095070307714877 0.6480353852465935 0.7291267979503492 1.039106624320197 0.7129032655770895 0.26999929040686493 2025_02_11_14:20:57 -2365.10009765625
0.04965 -0.0965 1.4921795677048455 0.029797219438070344 0.026535969683863625 0.5449414806032167 0.8094304566778266 0.6981393949882269 0.9572130722067812 0.09671637683346401 0.8071282732743802 0.9731157639793706 0.8294046642529949 0.577352145256762 0.22789827565154686 0.23279088636103018 0.6356844442644002 0.2095070307714877 0.6480353852465935 0.7291267979503492 1.0484054344771336 0.7215493225392892 0.2797613507361746 2025_02_11_14:20:57 -2565.69677734375
0.04965 -0.0965 1.4921795677048455 0.029797219438070344 0.026535969683863625 0.5449414806032167 0.8094304566778266 0.6981393949882269 0.9572130722067812 0.09671637683346401 0.8071282732743802 0.9731157639793706 0.8294046642529949 0.577352145256762 0.22789827565154686 0.23279088636103018 0.6356844442644002 0.2095070307714877 0.6480353852465935 0.7291267979503492 1.0486420788241482 0.7234806204225662 0.28304397024815164 2025_02_11_14:20:57 -2766.263427734375
0.0405 -0.1045 0.8921795677048454 0.029797219438070344 0.026535969683863625 0.5449414806032167 0.8094304566778266 0.6981393949882269 0.9572130722067812 0.09671637683346401 0.8071282732743802 0.9731157639793706 0.8294046642529949 0.577352145256762 0.22789827565154686 0.23279088636103018 0.6356844442644002 0.2095070307714877 0.6480353852465935 0.7291267979503492 1.0544079592591142 0.726027845483952 0.2901318230864933 2025_02_11_14:20:57 -2966.9716796875
0.0405 -0.1045 1.4921795677048455 0.029797219438070344 0.026535969683863625 0.5449414806032167 0.8094304566778266 0.6981393949882269 0.9572130722067812 0.09671637683346401 0.8071282732743802 0.9731157639793706 0.8294046642529949 0.577352145256762 0.22789827565154686 0.23279088636103018 0.6356844442644002 0.2095070307714877 0.6480353852465935 0.7291267979503492 1.063811595966416 0.7328010249366794 0.29915987854381915 2025_02_11_14:20:58 -3167.518798828125
0.0405 -0.1045 1.4921795677048455 0.029797219438070344 0.026535969683863625 0.5449414806032167 0.8094304566778266 0.6981393949882269 0.9572130722067812 0.09671637683346401 0.8071282732743802 0.9731157639793706 0.8294046642529949 0.577352145256762 0.22789827565154686 0.23279088636103018 0.6356844442644002 0.2095070307714877 0.6480353852465935 0.7291267979503492 1.0713229773418234 0.7395289816422511 0.30140628520379203 2025_02_11_14:20:58 -3368.0166015625
0.0405 -0.1045 1.4921795677048455 0.029797219438070344 0.026535969683863625 0.5449414806032167 0.8094304566778266 0.6981393949882269 0.9572130722067812 0.09671637683346401 0.8071282732743802 0.9731157639793706 0.8294046642529949 0.577352145256762 0.22789827565154686 0.23279088636103018 0.6356844442644002 0.2095070307714877 0.6480353852465935 0.7291267979503492 1.0765025548462608 0.7400311654936576 0.30389826800039177 2025_02_11_14:20:58 -3568.59423828125
0.0588 -0.1045 0.8921795677048454 0.029797219438070344 0.026535969683863625 0.5449414806032167 0.8094304566778266 0.6981393949882269 0.9572130722067812 0.09671637683346401 0.8071282732743802 0.9731157639793706 0.8294046642529949 0.577352145256762 0.22789827565154686 0.23279088636103018 0.6356844442644002 0.2095070307714877 0.6480353852465935 0.7291267979503492 1.0817155529745406 0.7462986498634754 0.3066442424695672 2025_02_11_14:20:58 -3769.28271484375
0.0588 -0.1045 1.4921795677048455 0.029797219438070344 0.026535969683863625 0.5449414806032167 0.8094304566778266 0.6981393949882269 0.9572130722067812 0.09671637683346401 0.8071282732743802 0.9731157639793706 0.8294046642529949 0.577352145256762 0.22789827565154686 0.23279088636103018 0.6356844442644002 0.2095070307714877 0.6480353852465935 0.7291267979503492 1.0855193632638176 0.7463576106993153 0.31016183049628543 2025_02_11_14:20:58 -3969.8662109375
0.0588 -0.1045 1.4921795677048455 0.029797219438070344 0.026535969683863625 0.5449414806032167 0.8094304566778266 0.6981393949882269 0.9572130722067812 0.09671637683346401 0.8071282732743802 0.9731157639793706 0.8294046642529949 0.577352145256762 0.22789827565154686 0.23279088636103018 0.6356844442644002 0.2095070307714877 0.6480353852465935 0.7291267979503492 1.0911632830940654 0.7466286311627184 0.31658932697637876 2025_02_11_14:20:59 -4170.43896484375
0.0588 -0.1045 1.4921795677048455 0.029797219438070344 0.026535969683863625 0.5449414806032167 0.8094304566778266 0.6981393949882269 0.9572130722067812 0.09671637683346401 0.8071282732743802 0.9731157639793706 0.8294046642529949 0.577352145256762 0.22789827565154686 0.23279088636103018 0.6356844442644002 0.2095070307714877 0.6480353852465935 0.7291267979503492 1.1006594004212253 0.7486222379863438 0.3167931271495821 2025_02_11_14:20:59 -4370.935791015625
0.0405 -0.0885 0.8921795677048454 0.029797219438070344 0.026535969683863625 0.5449414806032167 0.8094304566778266 0.6981393949882269 0.9572130722067812 0.09671637683346401 0.8071282732743802 0.9731157639793706 0.8294046642529949 0.577352145256762 0.22789827565154686 0.23279088636103018 0.6356844442644002 0.2095070307714877 0.6480353852465935 0.7291267979503492 1.101419365199656 0.7555283821456735 0.32306555110559254 2025_02_11_14:20:59 -4571.54345703125
0.0405 -0.0885 1.4921795677048455 0.029797219438070344 0.026535969683863625 0.5449414806032167 0.8094304566778266 0.6981393949882269 0.9572130722067812 0.09671637683346401 0.8071282732743802 0.9731157639793706 0.8294046642529949 0.577352145256762 0.22789827565154686 0.23279088636103018 0.6356844442644002 0.2095070307714877 0.6480353852465935 0.7291267979503492 1.1087573182397898 0.7651831194580543 0.32576637506946654 2025_02_11_14:20:59 -4772.007568359375
0.0405 -0.0885 1.4921795677048455 0.029797219438070344 0.026535969683863625 0.5449414806032167 0.8094304566778266 0.6981393949882269 0.9572130722067812 0.09671637683346401 0.8071282732743802 0.9731157639793706 0.8294046642529949 0.577352145256762 0.22789827565154686 0.23279088636103018 0.6356844442644002 0.2095070307714877 0.6480353852465935 0.7291267979503492 1.117560518037372 0.7721949569613763 0.3285290608270284 2025_02_11_14:20:59 -4972.580810546875
0.0405 -0.0885 1.4921795677048455 0.029797219438070344 0.026535969683863625 0.5449414806032167 0.8094304566778266 0.6981393949882269 0.9572130722067812 0.09671637683346401 0.8071282732743802 0.9731157639793706 0.8294046642529949 0.577352145256762 0.22789827565154686 0.23279088636103018 0.6356844442644002 0.2095070307714877 0.6480353852465935 0.7291267979503492 1.1245890674592296 0.7749041212311383 0.33104309758903777 2025_02_11_14:21:00 -5173.133544921875
0.0588 -0.0885 0.8921795677048454 0.029797219438070344 0.026535969683863625 0.5449414806032167 0.8094304566778266 0.6981393949882269 0.9572130722067812 0.09671637683346401 0.8071282732743802 0.9731157639793706 0.8294046642529949 0.577352145256762 0.22789827565154686 0.23279088636103018 0.6356844442644002 0.2095070307714877 0.6480353852465935 0.7291267979503492 1.1301226571272156 0.7818782951602402 0.33230589251862186 2025_02_11_14:21:00 -5373.9765625
0.0588 -0.0885 1.4921795677048455 0.029797219438070344 0.026535969683863625 0.5449414806032167 0.8094304566778266 0.6981393949882269 0.9572130722067812 0.09671637683346401 0.8071282732743802 0.9731157639793706 0.8294046642529949 0.577352145256762 0.22789827565154686 0.23279088636103018 0.6356844442644002 0.2095070307714877 0.6480353852465935 0.7291267979503492 1.1377670915804776 0.7879414716726698 0.34021330081705603 2025_02_11_14:21:00 -5574.80810546875
0.0588 -0.0885 1.4921795677048455 0.029797219438070344 0.026535969683863625 0.5449414806032167 0.8094304566778266 0.6981393949882269 0.9572130722067812 0.09671637683346401 0.8071282732743802 0.9731157639793706 0.8294046642529949 0.577352145256762 0.22789827565154686 0.23279088636103018 0.6356844442644002 0.2095070307714877 0.6480353852465935 0.7291267979503492 1.1406796844707878 0.7902562340182301 0.3472828591158464 2025_02_11_14:21:00 -5775.466796875
0.0588 -0.0885 1.4921795677048455 0.029797219438070344 0.026535969683863625 0.5449414806032167 0.8094304566778266 0.6981393949882269 0.9572130722067812 0.09671637683346401 0.8071282732743802 0.9731157639793706 0.8294046642529949 0.577352145256762 0.22789827565154686 0.23279088636103018 0.6356844442644002 0.2095070307714877 0.6480353852465935 0.7291267979503492 1.1475664643829087 0.7972535708679872 0.3567096215232868 2025_02_11_14:21:00 -5976.31396484375
