1MXY1_Y 1MXY1_X 1MS1 1MXY2_Y 1MXY2_X 1MS2 1MXY3_Y 1MXY3_X 1MXY4_Y 1MXY4_X 1MS3 1MXY5_Y 1MXY5_X 1MXY6_Y 1MS4 1MS5 1MS6 1MQ71_X 1MS7 1MS8 1BPM3_X 1BPM3_Y 1BPM3_SUM time milliseconds
0.6394267984578837 0.22321073814882275 0.8921795677048454 0.029797219438070344 0.026535969683863625 0.5449414806032167 0.8094304566778266 0.6981393949882269 0.9572130722067812 0.09671637683346401 0.8071282732743802 0.9731157639793706 0.8294046642529949 0.577352145256762 0.22789827565154686 0.23279088636103018 0.6356844442644002 0.2095070307714877 0.6480353852465935 0.7291267979503492 0.9899945143908426 0.6857107422933812 0.23532253238113526 2025_02_11_14:22:20 -204.059814453125
0.6394267984578837 0.22321073814882275 0.8921795677048454 0.029797219438070344 0.026535969683863625 0.5449414806032167 0.8094304566778266 0.6981393949882269 0.9572130722067812 0.09671637683346401 0.8071282732743802 0.9731157639793706 0.8294046642529949 0.577352145256762 0.22789827565154686 0.23279088636103018 0.6356844442644002 0.2095070307714877 0.6480353852465935 0.7291267979503492 0.9950003755213456 0.6874972610986826 0.24444881077458347 2025_02_11_14:22:21 -753.281005859375
0.6394267984578837 0.22321073814882275 0.8921795677048454 0.029797219438070344 0.026535969683863625 0.5449414806032167 0.8094304566778266 0.6981393949882269 0.9572130722067812 0.09671637683346401 0.8071282732743802 0.9731157639793706 0.8294046642529949 0.577352145256762 0.22789827565154686 0.23279088636103018 0.6356844442644002 0.2095070307714877 0.6480353852465935 0.7291267979503492 0.9998602801545117 0.6881893862833665 0.25205483242715576 2025_02_11_14:22:21 -953.87060546875
0.6394267984578837 0.22321073814882275 0.8921795677048454 0.029797219438070344 0.026535969683863625 0.5449414806032167 0.8094304566778266 0.6981393949882269 0.9572130722067812 0.09671637683346401 0.8071282732743802 0.9731157639793706 0.8294046642529949 0.577352145256762 0.22789827565154686 0.23279088636103018 0.6356844442644002 0.2095070307714877 0.6480353852465935 0.7291267979503492 1.0021614274804775 0.690391560127882 0.25276476328724606 2025_02_11_14:22:21 -1154.460693359375
0.6394267984578837 0.22321073814882275 0.8921795677048454 0.029797219438070344 0.026535969683863625 0.5449414806032167 0.8094304566778266 0.6981393949882269 0.9572130722067812 0.09671637683346401 0.8071282732743802 0.9731157639793706 0.8294046642529949 0.577352145256762 0.22789827565154686 0.23279088636103018 0.6356844442644002 0.2095070307714877 0.6480353852465935 0.7291267979503492 1.0088950729534105 0.7002332122415417 0.25374894199876563 2025_02_11_14:22:22 -1355.782470703125
0.6394267984578837 0.22321073814882275 1.4921795677048455 0.029797219438070344 0.026535969683863625 0.5449414806032167 0.8094304566778266 0.6981393949882269 0.9572130722067812 0.09671637683346401 0.8071282732743802 0.9731157639793706 0.8294046642529949 0.577352145256762 0.22789827565154686 0.23279088636103018 0.6356844442644002 0.2095070307714877 0.6480353852465935 0.7291267979503492 1.0137514842079176 0.7023706852335335 0.25775934492426017 2025_02_11_14:22:22 -1556.69140625
0.6394267984578837 0.22321073814882275 1.4921795677048455 0.029797219438070344 0.026535969683863625 0.5449414806032167 0.8094304566778266 0.6981393949882269 0.9572130722067812 0.09671637683346401 0.8071282732743802 0.9731157639793706 0.8294046642529949 0.577352145256762 0.22789827565154686 0.23279088636103018 0.6356844442644002 0.2095070307714877 0.6480353852465935 0.7291267979503492 1.0222786831284005 0.7039450125129284 0.2673671339570047 2025_02_11_14:22:22 -1757.331298828125
0.6394267984578837 0.22321073814882275 1.4921795677048455 0.029797219438070344 0.026535969683863625 0.5449414806032167 0.8094304566778266 0.6981393949882269 0.9572130722067812 0.09671637683346401 0.8071282732743802 0.9731157639793706 0.8294046642529949 0.577352145256762 0.22789827565154686 0.23279088636103018 0.6356844442644002 0.2095070307714877 0.6480353852465935 0.7291267979503492 1.0254404550911191 0.7114636574370724 0.26809256510193624 2025_02_11_14:22:22 -1957.998291015625
0.04965 -0.0965 0.8921795677048454 0.029797219438070344 0.026535969683863625 0.5449414806032167 0.8094304566778266 0.6981393949882269 0.9572130722067812 0.09671637683346401 0.8071282732743802 0.9731157639793706 0.8294046642529949 0.577352145256762 0.22789827565154686 0.23279088636103018 0.6356844442644002 0.2095070307714877 0.6480353852465935 0.7291267979503492 1.0348297551303902 0.7128065685810061 0.2692468518061273 2025_02_11_14:22:22 -2158.98291015625
0.04965 -0.0965 1.4921795677048455 0.029797219438070344 0.026535969683863625 0.5449414806032167 0.8094304566778266 0.6981393949882269 0.9572130722067812 0.09671637683346401 0.8071282732743802 0.9731157639793706 0.8294046642529949 0.577352145256762 0.22789827565154686 0.23279088636103018 0.6356844442644002 0.2095070307714877 0.6480353852465935 0.7291267979503492 1.039106624320197 0.7129032655770895 0.26999929040686493 2025_02_11_14:22:23 -2359.875732421875
0.04965 -0.0965 1.4921795677048455 0.029797219438070344 0.026535969683863625 0.5449414806032167 0.8094304566778266 0.6981393949882269 0.9572130722067812 0.09671637683346401 0.8071282732743802 0.9731157639793706 0.8294046642529949 0.577352145256762 0.22789827565154686 0.23279088636103018 0.6356844442644002 0.2095070307714877 0.6480353852465935 0.7291267979503492 1.0484054344771336 0.7215493225392892 0.2797613507361746 2025_02_11_14:22:23 -2560.7548828125
0.04965 -0.0965 1.4921795677048455 0.029797219438070344 0.026535969683863625 0.5449414806032167 0.8094304566778266 0.6981393949882269 0.9572130722067812 0.09671637683346401 0.8071282732743802 0.9731157639793706 0.8294046642529949 0.577352145256762 0.22789827565154686 0.23279088636103018 0.6356844442644002 0.2095070307714877 0.6480353852465935 0.7291267979503492 1.0486420788241482 0.7234806204225662 0.28304397024815164 2025_02_11_14:22:23 -2761.379150390625
0.0405 -0.1045 0.8921795677048454 0.029797219438070344 0.026535969683863625 0.5449414806032167 0.8094304566778266 0.6981393949882269 0.9572130722067812 0.09671637683346401 0.8071282732743802 0.9731157639793706 0.8294046642529949 0.577352145256762 0.22789827565154686 0.23279088636103018 0.6356844442644002 0.2095070307714877 0.6480353852465935 0.7291267979503492 1.0544079592591142 0.726027845483952 0.2901318230864933 2025_02_11_14:22:23 -2962.17431640625
0.0405 -0.1045 1.4921795677048455 0.029797219438070344 0.026535969683863625 0.5449414806032167 0.8094304566778266 0.6981393949882269 0.9572130722067812 0.09671637683346401 0.8071282732743802 0.9731157639793706 0.8294046642529949 0.577352145256762 0.22789827565154686 0.23279088636103018 0.6356844442644002 0.2095070307714877 0.6480353852465935 0.7291267979503492 1.063811595966416 0.7328010249366794 0.29915987854381915 2025_02_11_14:22:23 -3162.7431640625
0.0405 -0.1045 1.4921795677048455 0.029797219438070344 0.026535969683863625 0.5449414806032167 0.8094304566778266 0.6981393949882269 0.9572130722067812 0.09671637683346401 0.8071282732743802 0.9731157639793706 0.8294046642529949 0.577352145256762 0.22789827565154686 0.23279088636103018 0.6356844442644002 0.2095070307714877 0.6480353852465935 0.7291267979503492 1.0713229773418234 0.7395289816422511 0.30140628520379203 2025_02_11_14:22:24 -3363.664794921875
0.0405 -0.1045 1.4921795677048455 0.029797219438070344 0.026535969683863625 0.5449414806032167 0.8094304566778266 0.6981393949882269 0.9572130722067812 0.09671637683346401 0.8071282732743802 0.9731157639793706 0.8294046642529949 0.577352145256762 0.22789827565154686 0.23279088636103018 0.6356844442644002 0.2095070307714877 0.6480353852465935 0.7291267979503492 1.0765025548462608 0.7400311654936576 0.30389826800039177 2025_02_11_14:22:24 -3564.580078125
0.0588 -0.1045 0.8921795677048454 0.029797219438070344 0.026535969683863625 0.5449414806032167 0.8094304566778266 0.6981393949882269 0.9572130722067812 0.09671637683346401 0.8071282732743802 0.9731157639793706 0.8294046642529949 0.577352145256762 0.22789827565154686 0.23279088636103018 0.6356844442644002 0.2095070307714877 0.6480353852465935 0.7291267979503492 1.0817155529745406 0.7462986498634754 0.3066442424695672 2025_02_11_14:22:24 -3765.6806640625
0.0588 -0.1045 1.4921795677048455 0.029797219438070344 0.026535969683863625 0.5449414806032167 0.8094304566778266 0.6981393949882269 0.9572130722067812 0.09671637683346401 0.8071282732743802 0.9731157639793706 0.8294046642529949 0.577352145256762 0.22789827565154686 0.23279088636103018 0.6356844442644002 0.2095070307714877 0.6480353852465935 0.7291267979503492 1.0855193632638176 0.7463576106993153 0.31016183049628543 2025_02_11_14:22:24 -3966.385009765625
0.0588 -0.1045 1.4921795677048455 0.029797219438070344 0.026535969683863625 0.5449414806032167 0.8094304566778266 0.6981393949882269 0.9572130722067812 0.09671637683346401 0.8071282732743802 0.9731157639793706 0.8294046642529949 0.577352145256762 0.22789827565154686 0.23279088636103018 0.6356844442644002 0.2095070307714877 0.6480353852465935 0.7291267979503492 1.0911632830940654 0.7466286311627184 0.31658932697637876 2025_02_11_14:22:24 -4167.407958984375
0.0588 -0.1045 1.4921795677048455 0.029797219438070344 0.026535969683863625 0.5449414806032167 0.8094304566778266 0.6981393949882269 0.9572130722067812 0.09671637683346401 0.8071282732743802 0.9731157639793706 0.8294046642529949 0.577352145256762 0.22789827565154686 0.23279088636103018 0.6356844442644002 0.2095070307714877 0.6480353852465935 0.7291267979503492 1.1006594004212253 0.7486222379863438 0.3167931271495821 2025_02_11_14:22:25 -4368.308837890625
0.0405 -0.0885 0.8921795677048454 0.029797219438070344 0.026535969683863625 0.5449414806032167 0.8094304566778266 0.6981393949882269 0.9572130722067812 0.09671637683346401 0.8071282732743802 0.9731157639793706 0.8294046642529949 0.577352145256762 0.22789827565154686 0.23279088636103018 0.6356844442644002 0.2095070307714877 0.6480353852465935 0.7291267979503492 1.101419365199656 0.7555283821456735 0.32306555110559254 2025_02_11_14:22:25 -4569.337158203125
0.0405 -0.0885 1.4921795677048455 0.029797219438070344 0.026535969683863625 0.5449414806032167 0.8094304566778266 0.6981393949882269 0.9572130722067812 0.09671637683346401 0.8071282732743802 0.9731157639793706 0.8294046642529949 0.577352145256762 0.22789827565154686 0.23279088636103018 0.6356844442644002 0.2095070307714877 0.6480353852465935 0.7291267979503492 1.1087573182397898 0.7651831194580543 0.32576637506946654 2025_02_11_14:22:25 -4770.17041015625
0.0405 -0.0885 1.4921795677048455 0.029797219438070344 0.026535969683863625 0.5449414806032167 0.8094304566778266 0.6981393949882269 0.9572130722067812 0.09671637683346401 0.8071282732743802 0.9731157639793706 0.8294046642529949 0.577352145256762 0.22789827565154686 0.23279088636103018 0.6356844442644002 0.2095070307714877 0.6480353852465935 0.7291267979503492 1.117560518037372 0.7721949569613763 0.3285290608270284 2025_02_11_14:22:25 -4970.75634765625
0.0405 -0.0885 1.4921795677048455 0.029797219438070344 0.026535969683863625 0.5449414806032167 0.8094304566778266 0.6981393949882269 0.9572130722067812 0.09671637683346401 0.8071282732743802 0.9731157639793706 0.8294046642529949 0.577352145256762 0.22789827565154686 0.23279088636103018 0.6356844442644002 0.2095070307714877 0.6480353852465935 0.7291267979503492 1.1245890674592296 0.7749041212311383 0.33104309758903777 2025_02_11_14:22:25 -5171.985107421875
0.0588 -0.0885 0.8921795677048454 0.029797219438070344 0.026535969683863625 0.5449414806032167 0.8094304566778266 0.6981393949882269 0.9572130722067812 0.09671637683346401 0.8071282732743802 0.9731157639793706 0.8294046642529949 0.577352145256762 0.22789827565154686 0.23279088636103018 0.6356844442644002 0.2095070307714877 0.6480353852465935 0.7291267979503492 1.1301226571272156 0.7818782951602402 0.33230589251862186 2025_02_11_14:22:26 -5372.878662109375
0.0588 -0.0885 1.4921795677048455 0.029797219438070344 0.026535969683863625 0.5449414806032167 0.8094304566778266 0.6981393949882269 0.9572130722067812 0.09671637683346401 0.8071282732743802 0.9731157639793706 0.8294046642529949 0.577352145256762 0.22789827565154686 0.23279088636103018 0.6356844442644002 0.2095070307714877 0.6480353852465935 0.7291267979503492 1.1377670915804776 0.7879414716726698 0.34021330081705603 2025_02_11_14:22:26 -5573.74755859375
0.0588 -0.0885 1.4921795677048455 0.029797219438070344 0.026535969683863625 0.5449414806032167 0.8094304566778266 0.6981393949882269 0.9572130722067812 0.09671637683346401 0.8071282732743802 0.9731157639793706 0.8294046642529949 0.577352145256762 0.22789827565154686 0.23279088636103018 0.6356844442644002 0.2095070307714877 0.6480353852465935 0.7291267979503492 1.1406796844707878 0.7902562340182301 0.3472828591158464 2025_02_11_14:22:26 -5774.626220703125
0.0588 -0.0885 1.4921795677048455 0.029797219438070344 0.026535969683863625 0.5449414806032167 0.8094304566778266 0.6981393949882269 0.9572130722067812 0.09671637683346401 0.8071282732743802 0.9731157639793706 0.8294046642529949 0.577352145256762 0.22789827565154686 0.23279088636103018 0.6356844442644002 0.2095070307714877 0.6480353852465935 0.7291267979503492 1.1475664643829087 0.7972535708679872 0.3567096215232868 2025_02_11_14:22:26 -5975.24609375
0.11624935269355774 -0.20466044545173645 0.8921795677048454 0.029797219438070344 0.026535969683863625 0.5449414806032167 0.8094304566778266 0.6981393949882269 0.9572130722067812 0.09671637683346401 0.8071282732743802 0.9731157639793706 0.8294046642529949 0.577352145256762 0.22789827565154686 0.23279088636103018 0.6356844442644002 0.2095070307714877 0.6480353852465935 0.7291267979503492 1.14938135585514 0.8031068671207657 0.3630574687178276 2025_02_11_14:22:28 -7866.81396484375
0.11624935269355774 -0.20466044545173645 1.4921795677048455 0.029797219438070344 0.026535969683863625 0.5449414806032167 0.8094304566778266 0.6981393949882269 0.9572130722067812 0.09671637683346401 0.8071282732743802 0.9731157639793706 0.8294046642529949 0.577352145256762 0.22789827565154686 0.23279088636103018 0.6356844442644002 0.2095070307714877 0.6480353852465935 0.7291267979503492 1.154807291798712 0.807239342828759 0.3649332941317729 2025_02_11_14:22:28 -8067.54150390625
0.11624935269355774 -0.20466044545173645 1.4921795677048455 0.029797219438070344 0.026535969683863625 0.5449414806032167 0.8094304566778266 0.6981393949882269 0.9572130722067812 0.09671637683346401 0.8071282732743802 0.9731157639793706 0.8294046642529949 0.577352145256762 0.22789827565154686 0.23279088636103018 0.6356844442644002 0.2095070307714877 0.6480353852465935 0.7291267979503492 1.1559819532896076 0.815560774566448 0.3699170491788448 2025_02_11_14:22:28 -8268.44287109375
0.11624935269355774 -0.20466044545173645 1.4921795677048455 0.029797219438070344 0.026535969683863625 0.5449414806032167 0.8094304566778266 0.6981393949882269 0.9572130722067812 0.09671637683346401 0.8071282732743802 0.9731157639793706 0.8294046642529949 0.577352145256762 0.22789827565154686 0.23279088636103018 0.6356844442644002 0.2095070307714877 0.6480353852465935 0.7291267979503492 1.1618513305137492 0.8255497978987414 0.37481345264540183 2025_02_11_14:22:29 -8469.26123046875
0.10167963802814484 -0.19362951815128326 0.8921795677048454 0.029797219438070344 0.026535969683863625 0.5449414806032167 0.8094304566778266 0.6981393949882269 0.9572130722067812 0.09671637683346401 0.8071282732743802 0.9731157639793706 0.8294046642529949 0.577352145256762 0.22789827565154686 0.23279088636103018 0.6356844442644002 0.2095070307714877 0.6480353852465935 0.7291267979503492 1.1668046170099136 0.8259199940121972 0.3798363641467315 2025_02_11_14:22:29 -9230.92138671875
0.10167963802814484 -0.19362951815128326 1.4921795677048455 0.029797219438070344 0.026535969683863625 0.5449414806032167 0.8094304566778266 0.6981393949882269 0.9572130722067812 0.09671637683346401 0.8071282732743802 0.9731157639793706 0.8294046642529949 0.577352145256762 0.22789827565154686 0.23279088636103018 0.6356844442644002 0.2095070307714877 0.6480353852465935 0.7291267979503492 1.1739917912621434 0.8335140121055408 0.38856019432071687 2025_02_11_14:22:30 -9431.71875
0.10167963802814484 -0.19362951815128326 1.4921795677048455 0.029797219438070344 0.026535969683863625 0.5449414806032167 0.8094304566778266 0.6981393949882269 0.9572130722067812 0.09671637683346401 0.8071282732743802 0.9731157639793706 0.8294046642529949 0.577352145256762 0.22789827565154686 0.23279088636103018 0.6356844442644002 0.2095070307714877 0.6480353852465935 0.7291267979503492 1.1819169860009529 0.8352138485962217 0.38934987782731684 2025_02_11_14:22:30 -9632.39208984375
0.10167963802814484 -0.19362951815128326 1.4921795677048455 0.029797219438070344 0.026535969683863625 0.5449414806032167 0.8094304566778266 0.6981393949882269 0.9572130722067812 0.09671637683346401 0.8071282732743802 0.9731157639793706 0.8294046642529949 0.577352145256762 0.22789827565154686 0.23279088636103018 0.6356844442644002 0.2095070307714877 0.6480353852465935 0.7291267979503492 1.1839091559920418 0.8390607810858952 0.394181958437909 2025_02_11_14:22:30 -9833.03125
0.08100000023841858 -0.1770000010728836 0.8921795677048454 0.029797219438070344 0.026535969683863625 0.5449414806032167 0.8094304566778266 0.6981393949882269 0.9572130722067812 0.09671637683346401 0.8071282732743802 0.9731157639793706 0.8294046642529949 0.577352145256762 0.22789827565154686 0.23279088636103018 0.6356844442644002 0.2095070307714877 0.6480353852465935 0.7291267979503492 1.190118067623345 0.8458384256721289 0.4013912422046161 2025_02_11_14:22:31 -10473.20849609375
0.08100000023841858 -0.1770000010728836 1.4921795677048455 0.029797219438070344 0.026535969683863625 0.5449414806032167 0.8094304566778266 0.6981393949882269 0.9572130722067812 0.09671637683346401 0.8071282732743802 0.9731157639793706 0.8294046642529949 0.577352145256762 0.22789827565154686 0.23279088636103018 0.6356844442644002 0.2095070307714877 0.6480353852465935 0.7291267979503492 1.198364965748769 0.8506569039708662 0.40945612714255375 2025_02_11_14:22:31 -10673.74951171875
0.08100000023841858 -0.1770000010728836 1.4921795677048455 0.029797219438070344 0.026535969683863625 0.5449414806032167 0.8094304566778266 0.6981393949882269 0.9572130722067812 0.09671637683346401 0.8071282732743802 0.9731157639793706 0.8294046642529949 0.577352145256762 0.22789827565154686 0.23279088636103018 0.6356844442644002 0.2095070307714877 0.6480353852465935 0.7291267979503492 1.2077678846665645 0.8517403649928585 0.4117943461646696 2025_02_11_14:22:31 -10874.234375
0.08100000023841858 -0.1770000010728836 1.4921795677048455 0.029797219438070344 0.026535969683863625 0.5449414806032167 0.8094304566778266 0.6981393949882269 0.9572130722067812 0.09671637683346401 0.8071282732743802 0.9731157639793706 0.8294046642529949 0.577352145256762 0.22789827565154686 0.23279088636103018 0.6356844442644002 0.2095070307714877 0.6480353852465935 0.7291267979503492 1.2172276255243588 0.8559316325270058 0.41921703631232277 2025_02_11_14:22:31 -11074.744873046875
0.08100000023841858 -0.20900000631809235 0.8921795677048454 0.029797219438070344 0.026535969683863625 0.5449414806032167 0.8094304566778266 0.6981393949882269 0.9572130722067812 0.09671637683346401 0.8071282732743802 0.9731157639793706 0.8294046642529949 0.577352145256762 0.22789827565154686 0.23279088636103018 0.6356844442644002 0.2095070307714877 0.6480353852465935 0.7291267979503492 1.221774799210064 0.8625593199076256 0.42563408098465494 2025_02_11_14:22:32 -11460.372314453125
0.08100000023841858 -0.20900000631809235 1.4921795677048455 0.029797219438070344 0.026535969683863625 0.5449414806032167 0.8094304566778266 0.6981393949882269 0.9572130722067812 0.09671637683346401 0.8071282732743802 0.9731157639793706 0.8294046642529949 0.577352145256762 0.22789827565154686 0.23279088636103018 0.6356844442644002 0.2095070307714877 0.6480353852465935 0.7291267979503492 1.2283853756360372 0.8628171214054876 0.42578268425696203 2025_02_11_14:22:32 -11660.9365234375
0.08100000023841858 -0.20900000631809235 1.4921795677048455 0.029797219438070344 0.026535969683863625 0.5449414806032167 0.8094304566778266 0.6981393949882269 0.9572130722067812 0.09671637683346401 0.8071282732743802 0.9731157639793706 0.8294046642529949 0.577352145256762 0.22789827565154686 0.23279088636103018 0.6356844442644002 0.2095070307714877 0.6480353852465935 0.7291267979503492 1.2289936297109822 0.8676069405154713 0.4297988568020876 2025_02_11_14:22:32 -11861.50537109375
0.08100000023841858 -0.20900000631809235 1.4921795677048455 0.029797219438070344 0.026535969683863625 0.5449414806032167 0.8094304566778266 0.6981393949882269 0.9572130722067812 0.09671637683346401 0.8071282732743802 0.9731157639793706 0.8294046642529949 0.577352145256762 0.22789827565154686 0.23279088636103018 0.6356844442644002 0.2095070307714877 0.6480353852465935 0.7291267979503492 1.2362020288775581 0.8697571711787463 0.4343144059617404 2025_02_11_14:22:32 -12061.94775390625
0.11760000139474869 -0.1770000010728836 0.8921795677048454 0.029797219438070344 0.026535969683863625 0.5449414806032167 0.8094304566778266 0.6981393949882269 0.9572130722067812 0.09671637683346401 0.8071282732743802 0.9731157639793706 0.8294046642529949 0.577352145256762 0.22789827565154686 0.23279088636103018 0.6356844442644002 0.2095070307714877 0.6480353852465935 0.7291267979503492 1.2374243417311037 0.873293151975084 0.4409678111617696 2025_02_11_14:22:33 -12667.5791015625
0.11760000139474869 -0.1770000010728836 1.4921795677048455 0.029797219438070344 0.026535969683863625 0.5449414806032167 0.8094304566778266 0.6981393949882269 0.9572130722067812 0.09671637683346401 0.8071282732743802 0.9731157639793706 0.8294046642529949 0.577352145256762 0.22789827565154686 0.23279088636103018 0.6356844442644002 0.2095070307714877 0.6480353852465935 0.7291267979503492 1.2438513333694021 0.8735556902896198 0.45025865407171894 2025_02_11_14:22:33 -12868.225830078125
0.11760000139474869 -0.1770000010728836 1.4921795677048455 0.029797219438070344 0.026535969683863625 0.5449414806032167 0.8094304566778266 0.6981393949882269 0.9572130722067812 0.09671637683346401 0.8071282732743802 0.9731157639793706 0.8294046642529949 0.577352145256762 0.22789827565154686 0.23279088636103018 0.6356844442644002 0.2095070307714877 0.6480353852465935 0.7291267979503492 1.249527268935546 0.8744052606893915 0.45078474233597415 2025_02_11_14:22:33 -13068.849609375
0.11760000139474869 -0.1770000010728836 1.4921795677048455 0.029797219438070344 0.026535969683863625 0.5449414806032167 0.8094304566778266 0.6981393949882269 0.9572130722067812 0.09671637683346401 0.8071282732743802 0.9731157639793706 0.8294046642529949 0.577352145256762 0.22789827565154686 0.23279088636103018 0.6356844442644002 0.2095070307714877 0.6480353852465935 0.7291267979503492 1.2516396087277493 0.8757776087419648 0.4533399373761888 2025_02_11_14:22:33 -13269.5341796875
0.11760000139474869 -0.20900000631809235 0.8921795677048454 0.029797219438070344 0.026535969683863625 0.5449414806032167 0.8094304566778266 0.6981393949882269 0.9572130722067812 0.09671637683346401 0.8071282732743802 0.9731157639793706 0.8294046642529949 0.577352145256762 0.22789827565154686 0.23279088636103018 0.6356844442644002 0.2095070307714877 0.6480353852465935 0.7291267979503492 1.2518481743179968 0.8790252905364199 0.4613531589192933 2025_02_11_14:22:34 -13634.720703125
0.11760000139474869 -0.20900000631809235 1.4921795677048455 0.029797219438070344 0.026535969683863625 0.5449414806032167 0.8094304566778266 0.6981393949882269 0.9572130722067812 0.09671637683346401 0.8071282732743802 0.9731157639793706 0.8294046642529949 0.577352145256762 0.22789827565154686 0.23279088636103018 0.6356844442644002 0.2095070307714877 0.6480353852465935 0.7291267979503492 1.2599985443754969 0.8813879790258871 0.46281760110207026 2025_02_11_14:22:34 -13836.007568359375
0.11760000139474869 -0.20900000631809235 1.4921795677048455 0.029797219438070344 0.026535969683863625 0.5449414806032167 0.8094304566778266 0.6981393949882269 0.9572130722067812 0.09671637683346401 0.8071282732743802 0.9731157639793706 0.8294046642529949 0.577352145256762 0.22789827565154686 0.23279088636103018 0.6356844442644002 0.2095070307714877 0.6480353852465935 0.7291267979503492 1.2627452810503585 0.8819497002280179 0.46789096995496804 2025_02_11_14:22:34 -14036.65869140625
0.11760000139474869 -0.20900000631809235 1.4921795677048455 0.029797219438070344 0.026535969683863625 0.5449414806032167 0.8094304566778266 0.6981393949882269 0.9572130722067812 0.09671637683346401 0.8071282732743802 0.9731157639793706 0.8294046642529949 0.577352145256762 0.22789827565154686 0.23279088636103018 0.6356844442644002 0.2095070307714877 0.6480353852465935 0.7291267979503492 1.2637802998230625 0.8909409685675757 0.4713253477133507 2025_02_11_14:22:34 -14237.2216796875
0.08100000023841858 -0.1770000010728836 0.8921795677048454 0.029797219438070344 0.026535969683863625 0.5449414806032167 0.8094304566778266 0.6981393949882269 0.9572130722067812 0.09671637683346401 0.8071282732743802 0.9731157639793706 0.8294046642529949 0.577352145256762 0.22789827565154686 0.23279088636103018 0.6356844442644002 0.2095070307714877 0.6480353852465935 0.7291267979503492 1.2703459406871673 0.9000043955392124 0.4800581443339561 2025_02_11_14:22:35 -14941.660888671875
0.08100000023841858 -0.1770000010728836 1.4921795677048455 0.029797219438070344 0.026535969683863625 0.5449414806032167 0.8094304566778266 0.6981393949882269 0.9572130722067812 0.09671637683346401 0.8071282732743802 0.9731157639793706 0.8294046642529949 0.577352145256762 0.22789827565154686 0.23279088636103018 0.6356844442644002 0.2095070307714877 0.6480353852465935 0.7291267979503492 1.2739642216506353 0.9036303722290329 0.48186077356272455 2025_02_11_14:22:35 -15142.2900390625
0.08100000023841858 -0.1770000010728836 1.4921795677048455 0.029797219438070344 0.026535969683863625 0.5449414806032167 0.8094304566778266 0.6981393949882269 0.9572130722067812 0.09671637683346401 0.8071282732743802 0.9731157639793706 0.8294046642529949 0.577352145256762 0.22789827565154686 0.23279088636103018 0.6356844442644002 0.2095070307714877 0.6480353852465935 0.7291267979503492 1.275619613308076 0.9080071062804164 0.4859693596776899 2025_02_11_14:22:36 -15342.88818359375
0.08100000023841858 -0.1770000010728836 1.4921795677048455 0.029797219438070344 0.026535969683863625 0.5449414806032167 0.8094304566778266 0.6981393949882269 0.9572130722067812 0.09671637683346401 0.8071282732743802 0.9731157639793706 0.8294046642529949 0.577352145256762 0.22789827565154686 0.23279088636103018 0.6356844442644002 0.2095070307714877 0.6480353852465935 0.7291267979503492 1.2836322055495915 0.9093910916264507 0.48846939179357995 2025_02_11_14:22:36 -15543.484619140625
0.11760000139474869 -0.20900000631809235 0.8921795677048454 0.029797219438070344 0.026535969683863625 0.5449414806032167 0.8094304566778266 0.6981393949882269 0.9572130722067812 0.09671637683346401 0.8071282732743802 0.9731157639793706 0.8294046642529949 0.577352145256762 0.22789827565154686 0.23279088636103018 0.6356844442644002 0.2095070307714877 0.6480353852465935 0.7291267979503492 1.2935774590619744 0.9131402183606284 0.4887512672488615 2025_02_11_14:22:36 -15921.77099609375
0.11760000139474869 -0.20900000631809235 1.4921795677048455 0.029797219438070344 0.026535969683863625 0.5449414806032167 0.8094304566778266 0.6981393949882269 0.9572130722067812 0.09671637683346401 0.8071282732743802 0.9731157639793706 0.8294046642529949 0.577352145256762 0.22789827565154686 0.23279088636103018 0.6356844442644002 0.2095070307714877 0.6480353852465935 0.7291267979503492 1.2965889710078367 0.9136177128268169 0.4929495226863959 2025_02_11_14:22:36 -16122.402587890625
0.11760000139474869 -0.20900000631809235 1.4921795677048455 0.029797219438070344 0.026535969683863625 0.5449414806032167 0.8094304566778266 0.6981393949882269 0.9572130722067812 0.09671637683346401 0.8071282732743802 0.9731157639793706 0.8294046642529949 0.577352145256762 0.22789827565154686 0.23279088636103018 0.6356844442644002 0.2095070307714877 0.6480353852465935 0.7291267979503492 1.3021304905320186 0.9175222501524175 0.49765087346798076 2025_02_11_14:22:37 -16323.02685546875
0.11760000139474869 -0.20900000631809235 1.4921795677048455 0.029797219438070344 0.026535969683863625 0.5449414806032167 0.8094304566778266 0.6981393949882269 0.9572130722067812 0.09671637683346401 0.8071282732743802 0.9731157639793706 0.8294046642529949 0.577352145256762 0.22789827565154686 0.23279088636103018 0.6356844442644002 0.2095070307714877 0.6480353852465935 0.7291267979503492 1.3027614959023408 0.9252841541494518 0.5022276692424543 2025_02_11_14:22:37 -16523.645263671875
0.6394267984578837 0.22321073814882275 0.8921795677048454 0.029797219438070344 0.026535969683863625 0.5449414806032167 0.8094304566778266 0.6981393949882269 0.9572130722067812 0.09671637683346401 0.8071282732743802 0.9731157639793706 0.8294046642529949 0.577352145256762 0.22789827565154686 0.23279088636103018 0.6356844442644002 0.2095070307714877 0.6480353852465935 0.7291267979503492 1.3066279435849477 0.9350213899926049 0.5071897015078245 2025_02_11_14:22:37 -16786.68798828125
0.6394267984578837 0.22321073814882275 1.4921795677048455 0.029797219438070344 0.026535969683863625 0.5449414806032167 0.8094304566778266 0.6981393949882269 0.9572130722067812 0.09671637683346401 0.8071282732743802 0.9731157639793706 0.8294046642529949 0.577352145256762 0.22789827565154686 0.23279088636103018 0.6356844442644002 0.2095070307714877 0.6480353852465935 0.7291267979503492 1.3166094495626781 0.9377669435933534 0.5169899742997673 2025_02_11_14:22:37 -16987.194091796875
0.6394267984578837 0.22321073814882275 1.4921795677048455 0.029797219438070344 0.026535969683863625 0.5449414806032167 0.8094304566778266 0.6981393949882269 0.9572130722067812 0.09671637683346401 0.8071282732743802 0.9731157639793706 0.8294046642529949 0.577352145256762 0.22789827565154686 0.23279088636103018 0.6356844442644002 0.2095070307714877 0.6480353852465935 0.7291267979503492 1.324240294280664 0.9435061613766924 0.5222845731151302 2025_02_11_14:22:37 -17187.7353515625
0.6394267984578837 0.22321073814882275 1.4921795677048455 0.029797219438070344 0.026535969683863625 0.5449414806032167 0.8094304566778266 0.6981393949882269 0.9572130722067812 0.09671637683346401 0.8071282732743802 0.9731157639793706 0.8294046642529949 0.577352145256762 0.22789827565154686 0.23279088636103018 0.6356844442644002 0.2095070307714877 0.6480353852465935 0.7291267979503492 1.3251182016917111 0.9503254539791988 0.5307397853048772 2025_02_11_14:22:38 -17388.347412109375
0.6394267984578837 0.22321073814882275 0.8921795677048454 0.029797219438070344 0.026535969683863625 0.5449414806032167 0.8094304566778266 0.6981393949882269 0.9572130722067812 0.09671637683346401 0.8071282732743802 0.9731157639793706 0.8294046642529949 0.577352145256762 0.22789827565154686 0.23279088636103018 0.6356844442644002 0.2095070307714877 0.6480353852465935 0.7291267979503492 1.3312376853179164 0.9511876087957181 0.5338326924801619 2025_02_11_14:22:38 -17636.6240234375
0.6394267984578837 0.22321073814882275 0.8921795677048454 0.029797219438070344 0.026535969683863625 1.1449414806032165 0.8094304566778266 0.6981393949882269 0.9572130722067812 0.09671637683346401 0.8071282732743802 0.9731157639793706 0.8294046642529949 0.577352145256762 0.22789827565154686 0.23279088636103018 0.6356844442644002 0.2095070307714877 0.6480353852465935 0.7291267979503492 1.3327678399860183 0.9528341795946194 0.5370592999917074 2025_02_11_14:22:38 -17837.220703125
0.6394267984578837 0.22321073814882275 0.8921795677048454 0.029797219438070344 0.026535969683863625 1.1449414806032165 0.8094304566778266 0.6981393949882269 0.9572130722067812 0.09671637683346401 0.8071282732743802 0.9731157639793706 0.8294046642529949 0.577352145256762 0.22789827565154686 0.23279088636103018 0.6356844442644002 0.2095070307714877 0.6480353852465935 0.7291267979503492 1.3410202026592846 0.9531179144736082 0.5375139180246209 2025_02_11_14:22:38 -18037.801513671875
0.6394267984578837 0.22321073814882275 0.8921795677048454 0.029797219438070344 0.026535969683863625 1.1449414806032165 0.8094304566778266 0.6981393949882269 0.9572130722067812 0.09671637683346401 0.8071282732743802 0.9731157639793706 0.8294046642529949 0.577352145256762 0.22789827565154686 0.23279088636103018 0.6356844442644002 0.2095070307714877 0.6480353852465935 0.7291267979503492 1.3441460276517538 0.9603015433247325 0.5448559155726663 2025_02_11_14:22:38 -18238.475341796875
0.04965 -0.0965 0.8921795677048454 0.019 0.06870000000000001 0.5449414806032167 0.8094304566778266 0.6981393949882269 0.9572130722067812 0.09671637683346401 0.8071282732743802 0.9731157639793706 0.8294046642529949 0.577352145256762 0.22789827565154686 0.23279088636103018 0.6356844442644002 0.2095070307714877 0.6480353852465935 0.7291267979503492 1.349128683072353 0.9654487917170473 0.5498435126566429 2025_02_11_14:22:39 -18439.37939453125
0.04965 -0.0965 0.8921795677048454 0.019 0.06870000000000001 1.1449414806032165 0.8094304566778266 0.6981393949882269 0.9572130722067812 0.09671637683346401 0.8071282732743802 0.9731157639793706 0.8294046642529949 0.577352145256762 0.22789827565154686 0.23279088636103018 0.6356844442644002 0.2095070307714877 0.6480353852465935 0.7291267979503492 1.3548314995111632 0.9673953447359245 0.5553757419228544 2025_02_11_14:22:39 -18640.2626953125
0.04965 -0.0965 0.8921795677048454 0.019 0.06870000000000001 1.1449414806032165 0.8094304566778266 0.6981393949882269 0.9572130722067812 0.09671637683346401 0.8071282732743802 0.9731157639793706 0.8294046642529949 0.577352145256762 0.22789827565154686 0.23279088636103018 0.6356844442644002 0.2095070307714877 0.6480353852465935 0.7291267979503492 1.3594013851039919 0.9734579499599625 0.560530799244327 2025_02_11_14:22:39 -18841.042724609375
0.04965 -0.0965 0.8921795677048454 0.019 0.06870000000000001 1.1449414806032165 0.8094304566778266 0.6981393949882269 0.9572130722067812 0.09671637683346401 0.8071282732743802 0.9731157639793706 0.8294046642529949 0.577352145256762 0.22789827565154686 0.23279088636103018 0.6356844442644002 0.2095070307714877 0.6480353852465935 0.7291267979503492 1.3641472872448426 0.9831286569216829 0.5683598391586412 2025_02_11_14:22:39 -19041.607177734375
0.0405 -0.1045 0.8921795677048454 -0.0015 0.0432 0.5449414806032167 0.8094304566778266 0.6981393949882269 0.9572130722067812 0.09671637683346401 0.8071282732743802 0.9731157639793706 0.8294046642529949 0.577352145256762 0.22789827565154686 0.23279088636103018 0.6356844442644002 0.2095070307714877 0.6480353852465935 0.7291267979503492 1.3728754643339658 0.9904870296343697 0.5689826520187855 2025_02_11_14:22:39 -19242.482177734375
0.0405 -0.1045 0.8921795677048454 -0.0015 0.0432 1.1449414806032165 0.8094304566778266 0.6981393949882269 0.9572130722067812 0.09671637683346401 0.8071282732743802 0.9731157639793706 0.8294046642529949 0.577352145256762 0.22789827565154686 0.23279088636103018 0.6356844442644002 0.2095070307714877 0.6480353852465935 0.7291267979503492 1.3758516099867348 0.993377071008405 0.5710554299673319 2025_02_11_14:22:40 -19443.419677734375
0.0405 -0.1045 0.8921795677048454 -0.0015 0.0432 1.1449414806032165 0.8094304566778266 0.6981393949882269 0.9572130722067812 0.09671637683346401 0.8071282732743802 0.9731157639793706 0.8294046642529949 0.577352145256762 0.22789827565154686 0.23279088636103018 0.6356844442644002 0.2095070307714877 0.6480353852465935 0.7291267979503492 1.3778722900587408 0.9987628502454915 0.580385669305165 2025_02_11_14:22:40 -19644.368408203125
0.0405 -0.1045 0.8921795677048454 -0.0015 0.0432 1.1449414806032165 0.8094304566778266 0.6981393949882269 0.9572130722067812 0.09671637683346401 0.8071282732743802 0.9731157639793706 0.8294046642529949 0.577352145256762 0.22789827565154686 0.23279088636103018 0.6356844442644002 0.2095070307714877 0.6480353852465935 0.7291267979503492 1.3798668498054167 1.0084019906344008 0.5835973463263566 2025_02_11_14:22:40 -19845.0078125
0.0405 -0.1045 0.8921795677048454 0.0395 0.0432 0.5449414806032167 0.8094304566778266 0.6981393949882269 0.9572130722067812 0.09671637683346401 0.8071282732743802 0.9731157639793706 0.8294046642529949 0.577352145256762 0.22789827565154686 0.23279088636103018 0.6356844442644002 0.2095070307714877 0.6480353852465935 0.7291267979503492 1.3855464684920618 1.0094749975421362 0.5934272852100667 2025_02_11_14:22:40 -20045.888427734375
0.0405 -0.1045 0.8921795677048454 0.0395 0.0432 1.1449414806032165 0.8094304566778266 0.6981393949882269 0.9572130722067812 0.09671637683346401 0.8071282732743802 0.9731157639793706 0.8294046642529949 0.577352145256762 0.22789827565154686 0.23279088636103018 0.6356844442644002 0.2095070307714877 0.6480353852465935 0.7291267979503492 1.393816366744825 1.0146278041317343 0.5942946629085503 2025_02_11_14:22:40 -20246.52197265625
0.0405 -0.1045 0.8921795677048454 0.0395 0.0432 1.1449414806032165 0.8094304566778266 0.6981393949882269 0.9572130722067812 0.09671637683346401 0.8071282732743802 0.9731157639793706 0.8294046642529949 0.577352145256762 0.22789827565154686 0.23279088636103018 0.6356844442644002 0.2095070307714877 0.6480353852465935 0.7291267979503492 1.4008519370958474 1.0177375836155809 0.595468820366998 2025_02_11_14:22:41 -20447.01025390625
0.0405 -0.1045 0.8921795677048454 0.0395 0.0432 1.1449414806032165 0.8094304566778266 0.6981393949882269 0.9572130722067812 0.09671637683346401 0.8071282732743802 0.9731157639793706 0.8294046642529949 0.577352145256762 0.22789827565154686 0.23279088636103018 0.6356844442644002 0.2095070307714877 0.6480353852465935 0.7291267979503492 1.4016329643173218 1.0233792708383156 0.5960864008425648 2025_02_11_14:22:41 -20647.59033203125
0.0405 -0.1045 0.8921795677048454 -0.0015 0.0942 0.5449414806032167 0.8094304566778266 0.6981393949882269 0.9572130722067812 0.09671637683346401 0.8071282732743802 0.9731157639793706 0.8294046642529949 0.577352145256762 0.22789827565154686 0.23279088636103018 0.6356844442644002 0.2095070307714877 0.6480353852465935 0.7291267979503492 1.409797496576653 1.0308373156666337 0.6018695134931552 2025_02_11_14:22:41 -20848.39990234375
0.0405 -0.1045 0.8921795677048454 -0.0015 0.0942 1.1449414806032165 0.8094304566778266 0.6981393949882269 0.9572130722067812 0.09671637683346401 0.8071282732743802 0.9731157639793706 0.8294046642529949 0.577352145256762 0.22789827565154686 0.23279088636103018 0.6356844442644002 0.2095070307714877 0.6480353852465935 0.7291267979503492 1.4164154219579077 1.0362303183058224 0.6084048544773423 2025_02_11_14:22:41 -21049.006591796875
0.0405 -0.1045 0.8921795677048454 -0.0015 0.0942 1.1449414806032165 0.8094304566778266 0.6981393949882269 0.9572130722067812 0.09671637683346401 0.8071282732743802 0.9731157639793706 0.8294046642529949 0.577352145256762 0.22789827565154686 0.23279088636103018 0.6356844442644002 0.2095070307714877 0.6480353852465935 0.7291267979503492 1.4206078279428251 1.0438908529809614 0.617242420695796 2025_02_11_14:22:41 -21249.658203125
0.0405 -0.1045 0.8921795677048454 -0.0015 0.0942 1.1449414806032165 0.8094304566778266 0.6981393949882269 0.9572130722067812 0.09671637683346401 0.8071282732743802 0.9731157639793706 0.8294046642529949 0.577352145256762 0.22789827565154686 0.23279088636103018 0.6356844442644002 0.2095070307714877 0.6480353852465935 0.7291267979503492 1.423814479096755 1.0469084973324034 0.6186750250374293 2025_02_11_14:22:42 -21450.374755859375
0.0405 -0.1045 0.8921795677048454 0.0395 0.0942 0.5449414806032167 0.8094304566778266 0.6981393949882269 0.9572130722067812 0.09671637683346401 0.8071282732743802 0.9731157639793706 0.8294046642529949 0.577352145256762 0.22789827565154686 0.23279088636103018 0.6356844442644002 0.2095070307714877 0.6480353852465935 0.7291267979503492 1.4323078884193554 1.049915861520355 0.6257507930123091 2025_02_11_14:22:42 -21651.024169921875
0.0405 -0.1045 0.8921795677048454 0.0395 0.0942 1.1449414806032165 0.8094304566778266 0.6981393949882269 0.9572130722067812 0.09671637683346401 0.8071282732743802 0.9731157639793706 0.8294046642529949 0.577352145256762 0.22789827565154686 0.23279088636103018 0.6356844442644002 0.2095070307714877 0.6480353852465935 0.7291267979503492 1.4395509408178768 1.0555043662830803 0.6305447350770182 2025_02_11_14:22:42 -21851.6171875
0.0405 -0.1045 0.8921795677048454 0.0395 0.0942 1.1449414806032165 0.8094304566778266 0.6981393949882269 0.9572130722067812 0.09671637683346401 0.8071282732743802 0.9731157639793706 0.8294046642529949 0.577352145256762 0.22789827565154686 0.23279088636103018 0.6356844442644002 0.2095070307714877 0.6480353852465935 0.7291267979503492 1.4445237137488867 1.0564904485987352 0.640357919645484 2025_02_11_14:22:42 -22052.22705078125
0.0405 -0.1045 0.8921795677048454 0.0395 0.0942 1.1449414806032165 0.8094304566778266 0.6981393949882269 0.9572130722067812 0.09671637683346401 0.8071282732743802 0.9731157639793706 0.8294046642529949 0.577352145256762 0.22789827565154686 0.23279088636103018 0.6356844442644002 0.2095070307714877 0.6480353852465935 0.7291267979503492 1.4527396331458102 1.0661555312712387 0.6467748641894712 2025_02_11_14:22:42 -22252.81494140625
0.0588 -0.1045 0.8921795677048454 -0.0015 0.0432 0.5449414806032167 0.8094304566778266 0.6981393949882269 0.9572130722067812 0.09671637683346401 0.8071282732743802 0.9731157639793706 0.8294046642529949 0.577352145256762 0.22789827565154686 0.23279088636103018 0.6356844442644002 0.2095070307714877 0.6480353852465935 0.7291267979503492 1.457796962342741 1.0698875381981068 0.6529532165482392 2025_02_11_14:22:43 -22454.054931640625
0.0588 -0.1045 0.8921795677048454 -0.0015 0.0432 1.1449414806032165 0.8094304566778266 0.6981393949882269 0.9572130722067812 0.09671637683346401 0.8071282732743802 0.9731157639793706 0.8294046642529949 0.577352145256762 0.22789827565154686 0.23279088636103018 0.6356844442644002 0.2095070307714877 0.6480353852465935 0.7291267979503492 1.4659491062498737 1.072560785564873 0.65692218077322 2025_02_11_14:22:43 -22654.7802734375
0.0588 -0.1045 0.8921795677048454 -0.0015 0.0432 1.1449414806032165 0.8094304566778266 0.6981393949882269 0.9572130722067812 0.09671637683346401 0.8071282732743802 0.9731157639793706 0.8294046642529949 0.577352145256762 0.22789827565154686 0.23279088636103018 0.6356844442644002 0.2095070307714877 0.6480353852465935 0.7291267979503492 1.4745287093835104 1.0735144039195803 0.6622037726296365 2025_02_11_14:22:43 -22855.384521484375
0.0588 -0.1045 0.8921795677048454 -0.0015 0.0432 1.1449414806032165 0.8094304566778266 0.6981393949882269 0.9572130722067812 0.09671637683346401 0.8071282732743802 0.9731157639793706 0.8294046642529949 0.577352145256762 0.22789827565154686 0.23279088636103018 0.6356844442644002 0.2095070307714877 0.6480353852465935 0.7291267979503492 1.4769334313265534 1.0818609095204978 0.6660953387033101 2025_02_11_14:22:43 -23055.962158203125
0.0588 -0.1045 0.8921795677048454 0.0395 0.0432 0.5449414806032167 0.8094304566778266 0.6981393949882269 0.9572130722067812 0.09671637683346401 0.8071282732743802 0.9731157639793706 0.8294046642529949 0.577352145256762 0.22789827565154686 0.23279088636103018 0.6356844442644002 0.2095070307714877 0.6480353852465935 0.7291267979503492 1.4804915433036119 1.0912723379702052 0.6704138181657056 2025_02_11_14:22:43 -23256.86376953125
0.0588 -0.1045 0.8921795677048454 0.0395 0.0432 1.1449414806032165 0.8094304566778266 0.6981393949882269 0.9572130722067812 0.09671637683346401 0.8071282732743802 0.9731157639793706 0.8294046642529949 0.577352145256762 0.22789827565154686 0.23279088636103018 0.6356844442644002 0.2095070307714877 0.6480353852465935 0.7291267979503492 1.4860389433097005 1.0953527797210365 0.6706764372058385 2025_02_11_14:22:44 -23457.530029296875
0.0588 -0.1045 0.8921795677048454 0.0395 0.0432 1.1449414806032165 0.8094304566778266 0.6981393949882269 0.9572130722067812 0.09671637683346401 0.8071282732743802 0.9731157639793706 0.8294046642529949 0.577352145256762 0.22789827565154686 0.23279088636103018 0.6356844442644002 0.2095070307714877 0.6480353852465935 0.7291267979503492 1.49088125644904 1.0961219933349882 0.6731934345837275 2025_02_11_14:22:44 -23658.144287109375
0.0588 -0.1045 0.8921795677048454 0.0395 0.0432 1.1449414806032165 0.8094304566778266 0.6981393949882269 0.9572130722067812 0.09671637683346401 0.8071282732743802 0.9731157639793706 0.8294046642529949 0.577352145256762 0.22789827565154686 0.23279088636103018 0.6356844442644002 0.2095070307714877 0.6480353852465935 0.7291267979503492 1.500527002679988 1.105809245552455 0.676107916099528 2025_02_11_14:22:44 -23858.760498046875
0.0588 -0.1045 0.8921795677048454 -0.0015 0.0942 0.5449414806032167 0.8094304566778266 0.6981393949882269 0.9572130722067812 0.09671637683346401 0.8071282732743802 0.9731157639793706 0.8294046642529949 0.577352145256762 0.22789827565154686 0.23279088636103018 0.6356844442644002 0.2095070307714877 0.6480353852465935 0.7291267979503492 1.5084835710399476 1.109900661454904 0.6811009482524176 2025_02_11_14:22:44 -24059.646240234375
0.0588 -0.1045 0.8921795677048454 -0.0015 0.0942 1.1449414806032165 0.8094304566778266 0.6981393949882269 0.9572130722067812 0.09671637683346401 0.8071282732743802 0.9731157639793706 0.8294046642529949 0.577352145256762 0.22789827565154686 0.23279088636103018 0.6356844442644002 0.2095070307714877 0.6480353852465935 0.7291267979503492 1.5150595874857553 1.113450749649389 0.6875709467322517 2025_02_11_14:22:44 -24260.291748046875
0.0588 -0.1045 0.8921795677048454 -0.0015 0.0942 1.1449414806032165 0.8094304566778266 0.6981393949882269 0.9572130722067812 0.09671637683346401 0.8071282732743802 0.9731157639793706 0.8294046642529949 0.577352145256762 0.22789827565154686 0.23279088636103018 0.6356844442644002 0.2095070307714877 0.6480353852465935 0.7291267979503492 1.5161050810658159 1.1176105039346462 0.6971882253890515 2025_02_11_14:22:45 -24461.00146484375
0.0588 -0.1045 0.8921795677048454 -0.0015 0.0942 1.1449414806032165 0.8094304566778266 0.6981393949882269 0.9572130722067812 0.09671637683346401 0.8071282732743802 0.9731157639793706 0.8294046642529949 0.577352145256762 0.22789827565154686 0.23279088636103018 0.6356844442644002 0.2095070307714877 0.6480353852465935 0.7291267979503492 1.517849613394057 1.1192118610467998 0.7027867149139501 2025_02_11_14:22:45 -24661.645751953125
0.0588 -0.1045 0.8921795677048454 0.0395 0.0942 0.5449414806032167 0.8094304566778266 0.6981393949882269 0.9572130722067812 0.09671637683346401 0.8071282732743802 0.9731157639793706 0.8294046642529949 0.577352145256762 0.22789827565154686 0.23279088636103018 0.6356844442644002 0.2095070307714877 0.6480353852465935 0.7291267979503492 1.517849613394057 1.1192118610467998 0.7027867149139501 2025_02_11_14:22:45 -24862.628662109375
0.0588 -0.1045 0.8921795677048454 0.0395 0.0942 1.1449414806032165 0.8094304566778266 0.6981393949882269 0.9572130722067812 0.09671637683346401 0.8071282732743802 0.9731157639793706 0.8294046642529949 0.577352145256762 0.22789827565154686 0.23279088636103018 0.6356844442644002 0.2095070307714877 0.6480353852465935 0.7291267979503492 1.5247839788112216 1.1243201097416715 0.7069691059760627 2025_02_11_14:22:45 -25063.230224609375
0.0588 -0.1045 0.8921795677048454 0.0395 0.0942 1.1449414806032165 0.8094304566778266 0.6981393949882269 0.9572130722067812 0.09671637683346401 0.8071282732743802 0.9731157639793706 0.8294046642529949 0.577352145256762 0.22789827565154686 0.23279088636103018 0.6356844442644002 0.2095070307714877 0.6480353852465935 0.7291267979503492 1.5316309455168216 1.1284764140944126 0.7153680239970749 2025_02_11_14:22:45 -25263.91015625
0.0588 -0.1045 0.8921795677048454 0.0395 0.0942 1.1449414806032165 0.8094304566778266 0.6981393949882269 0.9572130722067812 0.09671637683346401 0.8071282732743802 0.9731157639793706 0.8294046642529949 0.577352145256762 0.22789827565154686 0.23279088636103018 0.6356844442644002 0.2095070307714877 0.6480353852465935 0.7291267979503492 1.5370944782640412 1.1383741713731794 0.7163921883858498 2025_02_11_14:22:46 -25464.572509765625
0.0405 -0.0885 0.8921795677048454 -0.0015 0.0432 0.5449414806032167 0.8094304566778266 0.6981393949882269 0.9572130722067812 0.09671637683346401 0.8071282732743802 0.9731157639793706 0.8294046642529949 0.577352145256762 0.22789827565154686 0.23279088636103018 0.6356844442644002 0.2095070307714877 0.6480353852465935 0.7291267979503492 1.5376880566004347 1.1418823261627078 0.7192030385737518 2025_02_11_14:22:46 -25665.42578125
0.0405 -0.0885 0.8921795677048454 -0.0015 0.0432 1.1449414806032165 0.8094304566778266 0.6981393949882269 0.9572130722067812 0.09671637683346401 0.8071282732743802 0.9731157639793706 0.8294046642529949 0.577352145256762 0.22789827565154686 0.23279088636103018 0.6356844442644002 0.2095070307714877 0.6480353852465935 0.7291267979503492 1.5444504021374341 1.1467769134218642 0.7249772938667934 2025_02_11_14:22:46 -25866.0498046875
0.0405 -0.0885 0.8921795677048454 -0.0015 0.0432 1.1449414806032165 0.8094304566778266 0.6981393949882269 0.9572130722067812 0.09671637683346401 0.8071282732743802 0.9731157639793706 0.8294046642529949 0.577352145256762 0.22789827565154686 0.23279088636103018 0.6356844442644002 0.2095070307714877 0.6480353852465935 0.7291267979503492 1.5497946467813097 1.1489552127720162 0.7292737248736458 2025_02_11_14:22:46 -26066.6640625
0.0405 -0.0885 0.8921795677048454 -0.0015 0.0432 1.1449414806032165 0.8094304566778266 0.6981393949882269 0.9572130722067812 0.09671637683346401 0.8071282732743802 0.9731157639793706 0.8294046642529949 0.577352145256762 0.22789827565154686 0.23279088636103018 0.6356844442644002 0.2095070307714877 0.6480353852465935 0.7291267979503492 1.5511137776551498 1.1554551847654226 0.730863499502704 2025_02_11_14:22:46 -26267.31396484375
0.0405 -0.0885 0.8921795677048454 0.0395 0.0432 0.5449414806032167 0.8094304566778266 0.6981393949882269 0.9572130722067812 0.09671637683346401 0.8071282732743802 0.9731157639793706 0.8294046642529949 0.577352145256762 0.22789827565154686 0.23279088636103018 0.6356844442644002 0.2095070307714877 0.6480353852465935 0.7291267979503492 1.5592848679242828 1.1653367338600653 0.7350866388404547 2025_02_11_14:22:47 -26468.220703125
0.0405 -0.0885 0.8921795677048454 0.0395 0.0432 1.1449414806032165 0.8094304566778266 0.6981393949882269 0.9572130722067812 0.09671637683346401 0.8071282732743802 0.9731157639793706 0.8294046642529949 0.577352145256762 0.22789827565154686 0.23279088636103018 0.6356844442644002 0.2095070307714877 0.6480353852465935 0.7291267979503492 1.5634019668678796 1.1722023955588228 0.7436862640864762 2025_02_11_14:22:47 -26668.746826171875
0.0405 -0.0885 0.8921795677048454 0.0395 0.0432 1.1449414806032165 0.8094304566778266 0.6981393949882269 0.9572130722067812 0.09671637683346401 0.8071282732743802 0.9731157639793706 0.8294046642529949 0.577352145256762 0.22789827565154686 0.23279088636103018 0.6356844442644002 0.2095070307714877 0.6480353852465935 0.7291267979503492 1.5708804032776922 1.1751578160712435 0.7442319553966288 2025_02_11_14:22:47 -26869.32861328125
0.0405 -0.0885 0.8921795677048454 0.0395 0.0432 1.1449414806032165 0.8094304566778266 0.6981393949882269 0.9572130722067812 0.09671637683346401 0.8071282732743802 0.9731157639793706 0.8294046642529949 0.577352145256762 0.22789827565154686 0.23279088636103018 0.6356844442644002 0.2095070307714877 0.6480353852465935 0.7291267979503492 1.5735022560493128 1.1755560846906155 0.7448366439925108 2025_02_11_14:22:47 -27069.978759765625
0.0405 -0.0885 0.8921795677048454 -0.0015 0.0942 0.5449414806032167 0.8094304566778266 0.6981393949882269 0.9572130722067812 0.09671637683346401 0.8071282732743802 0.9731157639793706 0.8294046642529949 0.577352145256762 0.22789827565154686 0.23279088636103018 0.6356844442644002 0.2095070307714877 0.6480353852465935 0.7291267979503492 1.5804890148653676 1.182855668464931 0.7533013251439186 2025_02_11_14:22:47 -27270.924560546875
0.0405 -0.0885 0.8921795677048454 -0.0015 0.0942 1.1449414806032165 0.8094304566778266 0.6981393949882269 0.9572130722067812 0.09671637683346401 0.8071282732743802 0.9731157639793706 0.8294046642529949 0.577352145256762 0.22789827565154686 0.23279088636103018 0.6356844442644002 0.2095070307714877 0.6480353852465935 0.7291267979503492 1.5893531624627741 1.1905699713698272 0.7535948876556466 2025_02_11_14:22:48 -27471.5009765625
0.0405 -0.0885 0.8921795677048454 -0.0015 0.0942 1.1449414806032165 0.8094304566778266 0.6981393949882269 0.9572130722067812 0.09671637683346401 0.8071282732743802 0.9731157639793706 0.8294046642529949 0.577352145256762 0.22789827565154686 0.23279088636103018 0.6356844442644002 0.2095070307714877 0.6480353852465935 0.7291267979503492 1.5940708083585515 1.1943997661135013 0.7550957343380581 2025_02_11_14:22:48 -27672.026611328125
0.0405 -0.0885 0.8921795677048454 -0.0015 0.0942 1.1449414806032165 0.8094304566778266 0.6981393949882269 0.9572130722067812 0.09671637683346401 0.8071282732743802 0.9731157639793706 0.8294046642529949 0.577352145256762 0.22789827565154686 0.23279088636103018 0.6356844442644002 0.2095070307714877 0.6480353852465935 0.7291267979503492 1.5968938770647605 1.2028482311561146 0.7583687435553192 2025_02_11_14:22:48 -27872.621337890625
0.0405 -0.0885 0.8921795677048454 0.0395 0.0942 0.5449414806032167 0.8094304566778266 0.6981393949882269 0.9572130722067812 0.09671637683346401 0.8071282732743802 0.9731157639793706 0.8294046642529949 0.577352145256762 0.22789827565154686 0.23279088636103018 0.6356844442644002 0.2095070307714877 0.6480353852465935 0.7291267979503492 1.606403779686195 1.2028628515614703 0.7649417820570792 2025_02_11_14:22:48 -28073.670654296875
0.0405 -0.0885 0.8921795677048454 0.0395 0.0942 1.1449414806032165 0.8094304566778266 0.6981393949882269 0.9572130722067812 0.09671637683346401 0.8071282732743802 0.9731157639793706 0.8294046642529949 0.577352145256762 0.22789827565154686 0.23279088636103018 0.6356844442644002 0.2095070307714877 0.6480353852465935 0.7291267979503492 1.6071520845294938 1.2085410588443624 0.769291610841429 2025_02_11_14:22:48 -28274.2880859375
0.0405 -0.0885 0.8921795677048454 0.0395 0.0942 1.1449414806032165 0.8094304566778266 0.6981393949882269 0.9572130722067812 0.09671637683346401 0.8071282732743802 0.9731157639793706 0.8294046642529949 0.577352145256762 0.22789827565154686 0.23279088636103018 0.6356844442644002 0.2095070307714877 0.6480353852465935 0.7291267979503492 1.6102351617116188 1.2111911381135094 0.7704907464049829 2025_02_11_14:22:49 -28474.953369140625
0.0405 -0.0885 0.8921795677048454 0.0395 0.0942 1.1449414806032165 0.8094304566778266 0.6981393949882269 0.9572130722067812 0.09671637683346401 0.8071282732743802 0.9731157639793706 0.8294046642529949 0.577352145256762 0.22789827565154686 0.23279088636103018 0.6356844442644002 0.2095070307714877 0.6480353852465935 0.7291267979503492 1.6182741292460574 1.2125890685062406 0.770610315636677 2025_02_11_14:22:49 -28675.560791015625
0.0588 -0.0885 0.8921795677048454 -0.0015 0.0432 0.5449414806032167 0.8094304566778266 0.6981393949882269 0.9572130722067812 0.09671637683346401 0.8071282732743802 0.9731157639793706 0.8294046642529949 0.577352145256762 0.22789827565154686 0.23279088636103018 0.6356844442644002 0.2095070307714877 0.6480353852465935 0.7291267979503492 1.6199540213333479 1.2183279105043079 0.7788271696519998 2025_02_11_14:22:49 -28876.337158203125
0.0588 -0.0885 0.8921795677048454 -0.0015 0.0432 1.1449414806032165 0.8094304566778266 0.6981393949882269 0.9572130722067812 0.09671637683346401 0.8071282732743802 0.9731157639793706 0.8294046642529949 0.577352145256762 0.22789827565154686 0.23279088636103018 0.6356844442644002 0.2095070307714877 0.6480353852465935 0.7291267979503492 1.6262615652215955 1.2263495913320193 0.7867756320950186 2025_02_11_14:22:49 -29076.98291015625
0.0588 -0.0885 0.8921795677048454 -0.0015 0.0432 1.1449414806032165 0.8094304566778266 0.6981393949882269 0.9572130722067812 0.09671637683346401 0.8071282732743802 0.9731157639793706 0.8294046642529949 0.577352145256762 0.22789827565154686 0.23279088636103018 0.6356844442644002 0.2095070307714877 0.6480353852465935 0.7291267979503492 1.6328302094353577 1.2290148613426761 0.7949384837111059 2025_02_11_14:22:49 -29277.6103515625
0.0588 -0.0885 0.8921795677048454 -0.0015 0.0432 1.1449414806032165 0.8094304566778266 0.6981393949882269 0.9572130722067812 0.09671637683346401 0.8071282732743802 0.9731157639793706 0.8294046642529949 0.577352145256762 0.22789827565154686 0.23279088636103018 0.6356844442644002 0.2095070307714877 0.6480353852465935 0.7291267979503492 1.6427102715394042 1.2378311249416538 0.7998607509500599 2025_02_11_14:22:50 -29478.26806640625
0.0588 -0.0885 0.8921795677048454 0.0395 0.0432 0.5449414806032167 0.8094304566778266 0.6981393949882269 0.9572130722067812 0.09671637683346401 0.8071282732743802 0.9731157639793706 0.8294046642529949 0.577352145256762 0.22789827565154686 0.23279088636103018 0.6356844442644002 0.2095070307714877 0.6480353852465935 0.7291267979503492 1.6523158590421618 1.2415670327424875 0.8092799830847404 2025_02_11_14:22:50 -29679.247314453125
0.0588 -0.0885 0.8921795677048454 0.0395 0.0432 1.1449414806032165 0.8094304566778266 0.6981393949882269 0.9572130722067812 0.09671637683346401 0.8071282732743802 0.9731157639793706 0.8294046642529949 0.577352145256762 0.22789827565154686 0.23279088636103018 0.6356844442644002 0.2095070307714877 0.6480353852465935 0.7291267979503492 1.6596041686015217 1.2510549137847005 0.8187669646832394 2025_02_11_14:22:50 -29879.914794921875
0.0588 -0.0885 0.8921795677048454 0.0395 0.0432 1.1449414806032165 0.8094304566778266 0.6981393949882269 0.9572130722067812 0.09671637683346401 0.8071282732743802 0.9731157639793706 0.8294046642529949 0.577352145256762 0.22789827565154686 0.23279088636103018 0.6356844442644002 0.2095070307714877 0.6480353852465935 0.7291267979503492 1.6640704679424996 1.2537070381903292 0.8212623733145922 2025_02_11_14:22:50 -30080.611328125
0.0588 -0.0885 0.8921795677048454 0.0395 0.0432 1.1449414806032165 0.8094304566778266 0.6981393949882269 0.9572130722067812 0.09671637683346401 0.8071282732743802 0.9731157639793706 0.8294046642529949 0.577352145256762 0.22789827565154686 0.23279088636103018 0.6356844442644002 0.2095070307714877 0.6480353852465935 0.7291267979503492 1.6672576370220662 1.2632236595046704 0.8220043773322587 2025_02_11_14:22:50 -30281.231201171875
0.0588 -0.0885 0.8921795677048454 -0.0015 0.0942 0.5449414806032167 0.8094304566778266 0.6981393949882269 0.9572130722067812 0.09671637683346401 0.8071282732743802 0.9731157639793706 0.8294046642529949 0.577352145256762 0.22789827565154686 0.23279088636103018 0.6356844442644002 0.2095070307714877 0.6480353852465935 0.7291267979503492 1.669910284715566 1.266038890239123 0.8243798601817311 2025_02_11_14:22:51 -30482.003662109375
0.0588 -0.0885 0.8921795677048454 -0.0015 0.0942 1.1449414806032165 0.8094304566778266 0.6981393949882269 0.9572130722067812 0.09671637683346401 0.8071282732743802 0.9731157639793706 0.8294046642529949 0.577352145256762 0.22789827565154686 0.23279088636103018 0.6356844442644002 0.2095070307714877 0.6480353852465935 0.7291267979503492 1.6753515450077627 1.2678877024445436 0.8332347871092265 2025_02_11_14:22:51 -30682.614990234375
0.0588 -0.0885 0.8921795677048454 -0.0015 0.0942 1.1449414806032165 0.8094304566778266 0.6981393949882269 0.9572130722067812 0.09671637683346401 0.8071282732743802 0.9731157639793706 0.8294046642529949 0.577352145256762 0.22789827565154686 0.23279088636103018 0.6356844442644002 0.2095070307714877 0.6480353852465935 0.7291267979503492 1.680099788888982 1.27670424113872 0.8379974099200411 2025_02_11_14:22:51 -30883.04296875
0.0588 -0.0885 0.8921795677048454 -0.0015 0.0942 1.1449414806032165 0.8094304566778266 0.6981393949882269 0.9572130722067812 0.09671637683346401 0.8071282732743802 0.9731157639793706 0.8294046642529949 0.577352145256762 0.22789827565154686 0.23279088636103018 0.6356844442644002 0.2095070307714877 0.6480353852465935 0.7291267979503492 1.688440870075742 1.2792831047385977 0.8471054547773571 2025_02_11_14:22:51 -31083.676025390625
0.0588 -0.0885 0.8921795677048454 0.0395 0.0942 0.5449414806032167 0.8094304566778266 0.6981393949882269 0.9572130722067812 0.09671637683346401 0.8071282732743802 0.9731157639793706 0.8294046642529949 0.577352145256762 0.22789827565154686 0.23279088636103018 0.6356844442644002 0.2095070307714877 0.6480353852465935 0.7291267979503492 1.6913017986162309 1.2846394395500569 0.8505441465631317 2025_02_11_14:22:51 -31284.50341796875
0.0588 -0.0885 0.8921795677048454 0.0395 0.0942 1.1449414806032165 0.8094304566778266 0.6981393949882269 0.9572130722067812 0.09671637683346401 0.8071282732743802 0.9731157639793706 0.8294046642529949 0.577352145256762 0.22789827565154686 0.23279088636103018 0.6356844442644002 0.2095070307714877 0.6480353852465935 0.7291267979503492 1.696217990749824 1.2916012679968065 0.8515263204658591 2025_02_11_14:22:52 -31485.1279296875
0.0588 -0.0885 0.8921795677048454 0.0395 0.0942 1.1449414806032165 0.8094304566778266 0.6981393949882269 0.9572130722067812 0.09671637683346401 0.8071282732743802 0.9731157639793706 0.8294046642529949 0.577352145256762 0.22789827565154686 0.23279088636103018 0.6356844442644002 0.2095070307714877 0.6480353852465935 0.7291267979503492 1.704730944159696 1.3003945939104051 0.8518158020590609 2025_02_11_14:22:52 -31685.7470703125
0.0588 -0.0885 0.8921795677048454 0.0395 0.0942 1.1449414806032165 0.8094304566778266 0.6981393949882269 0.9572130722067812 0.09671637683346401 0.8071282732743802 0.9731157639793706 0.8294046642529949 0.577352145256762 0.22789827565154686 0.23279088636103018 0.6356844442644002 0.2095070307714877 0.6480353852465935 0.7291267979503492 1.713675863362818 1.3078842052552544 0.8587043074352205 2025_02_11_14:22:52 -31886.3515625
0.11760000139474869 -0.20900000631809235 0.8921795677048454 -0.003000000026077032 0.188400000333786 0.5449414806032167 0.8094304566778266 0.6981393949882269 0.9572130722067812 0.09671637683346401 0.8071282732743802 0.9731157639793706 0.8294046642529949 0.577352145256762 0.22789827565154686 0.23279088636103018 0.6356844442644002 0.2095070307714877 0.6480353852465935 0.7291267979503492 1.7167304603466635 1.3175544496889382 0.8651317105481222 2025_02_11_14:22:55 -34456.07958984375
0.11760000139474869 -0.20900000631809235 0.8921795677048454 -0.003000000026077032 0.188400000333786 1.1449414806032165 0.8094304566778266 0.6981393949882269 0.9572130722067812 0.09671637683346401 0.8071282732743802 0.9731157639793706 0.8294046642529949 0.577352145256762 0.22789827565154686 0.23279088636103018 0.6356844442644002 0.2095070307714877 0.6480353852465935 0.7291267979503492 1.725345376349182 1.320165918768203 0.8722426483038401 2025_02_11_14:22:55 -34656.691650390625
0.11760000139474869 -0.20900000631809235 0.8921795677048454 -0.003000000026077032 0.188400000333786 1.1449414806032165 0.8094304566778266 0.6981393949882269 0.9572130722067812 0.09671637683346401 0.8071282732743802 0.9731157639793706 0.8294046642529949 0.577352145256762 0.22789827565154686 0.23279088636103018 0.6356844442644002 0.2095070307714877 0.6480353852465935 0.7291267979503492 1.732610875114991 1.3223895507079657 0.8775889993192822 2025_02_11_14:22:55 -34857.32275390625
0.11760000139474869 -0.20900000631809235 0.8921795677048454 -0.003000000026077032 0.188400000333786 1.1449414806032165 0.8094304566778266 0.6981393949882269 0.9572130722067812 0.09671637683346401 0.8071282732743802 0.9731157639793706 0.8294046642529949 0.577352145256762 0.22789827565154686 0.23279088636103018 0.6356844442644002 0.2095070307714877 0.6480353852465935 0.7291267979503492 1.740491779483067 1.3257027220776734 0.8801945916733392 2025_02_11_14:22:55 -35057.939453125
0.1071295365691185 -0.1989774852991104 0.8921795677048454 -0.003000000026077032 0.188400000333786 0.5449414806032167 0.8094304566778266 0.6981393949882269 0.9572130722067812 0.09671637683346401 0.8071282732743802 0.9731157639793706 0.8294046642529949 0.577352145256762 0.22789827565154686 0.23279088636103018 0.6356844442644002 0.2095070307714877 0.6480353852465935 0.7291267979503492 1.743655614059554 1.3328594066387738 0.8879840034476774 2025_02_11_14:22:56 -36173.35693359375
0.1071295365691185 -0.1989774852991104 0.8921795677048454 -0.003000000026077032 0.188400000333786 1.1449414806032165 0.8094304566778266 0.6981393949882269 0.9572130722067812 0.09671637683346401 0.8071282732743802 0.9731157639793706 0.8294046642529949 0.577352145256762 0.22789827565154686 0.23279088636103018 0.6356844442644002 0.2095070307714877 0.6480353852465935 0.7291267979503492 1.7437963852468004 1.3360815379772544 0.896316290113343 2025_02_11_14:22:57 -36373.984375
0.1071295365691185 -0.1989774852991104 0.8921795677048454 -0.003000000026077032 0.188400000333786 1.1449414806032165 0.8094304566778266 0.6981393949882269 0.9572130722067812 0.09671637683346401 0.8071282732743802 0.9731157639793706 0.8294046642529949 0.577352145256762 0.22789827565154686 0.23279088636103018 0.6356844442644002 0.2095070307714877 0.6480353852465935 0.7291267979503492 1.7473888941104667 1.337965798316163 0.9057971336504125 2025_02_11_14:22:57 -36574.59375
0.1071295365691185 -0.1989774852991104 0.8921795677048454 -0.003000000026077032 0.188400000333786 1.1449414806032165 0.8094304566778266 0.6981393949882269 0.9572130722067812 0.09671637683346401 0.8071282732743802 0.9731157639793706 0.8294046642529949 0.577352145256762 0.22789827565154686 0.23279088636103018 0.6356844442644002 0.2095070307714877 0.6480353852465935 0.7291267979503492 1.751556649762262 1.341768335945439 0.9112699574977018 2025_02_11_14:22:57 -36775.685302734375
0.11760000139474869 -0.1770000010728836 0.8921795677048454 -0.003000000026077032 0.188400000333786 0.5449414806032167 0.8094304566778266 0.6981393949882269 0.9572130722067812 0.09671637683346401 0.8071282732743802 0.9731157639793706 0.8294046642529949 0.577352145256762 0.22789827565154686 0.23279088636103018 0.6356844442644002 0.2095070307714877 0.6480353852465935 0.7291267979503492 1.753573381662084 1.3488027034479018 0.9142234695077079 2025_02_11_14:22:59 -38366.05859375
0.11760000139474869 -0.1770000010728836 0.8921795677048454 -0.003000000026077032 0.188400000333786 1.1449414806032165 0.8094304566778266 0.6981393949882269 0.9572130722067812 0.09671637683346401 0.8071282732743802 0.9731157639793706 0.8294046642529949 0.577352145256762 0.22789827565154686 0.23279088636103018 0.6356844442644002 0.2095070307714877 0.6480353852465935 0.7291267979503492 1.75457147081266 1.3505497215373556 0.9146179147073948 2025_02_11_14:22:59 -38566.69677734375
0.11760000139474869 -0.1770000010728836 0.8921795677048454 -0.003000000026077032 0.188400000333786 1.1449414806032165 0.8094304566778266 0.6981393949882269 0.9572130722067812 0.09671637683346401 0.8071282732743802 0.9731157639793706 0.8294046642529949 0.577352145256762 0.22789827565154686 0.23279088636103018 0.6356844442644002 0.2095070307714877 0.6480353852465935 0.7291267979503492 1.7584286257102533 1.3590564373177214 0.9226169056768844 2025_02_11_14:22:59 -38767.32568359375
0.11760000139474869 -0.1770000010728836 0.8921795677048454 -0.003000000026077032 0.188400000333786 1.1449414806032165 0.8094304566778266 0.6981393949882269 0.9572130722067812 0.09671637683346401 0.8071282732743802 0.9731157639793706 0.8294046642529949 0.577352145256762 0.22789827565154686 0.23279088636103018 0.6356844442644002 0.2095070307714877 0.6480353852465935 0.7291267979503492 1.759558000503991 1.3631692799550732 0.9230766289306811 2025_02_11_14:22:59 -38968.074951171875
0.08100000023841858 -0.18439577519893646 0.8921795677048454 0.024803604930639267 0.08640000224113464 0.5449414806032167 0.8094304566778266 0.6981393949882269 0.9572130722067812 0.09671637683346401 0.8071282732743802 0.9731157639793706 0.8294046642529949 0.577352145256762 0.22789827565154686 0.23279088636103018 0.6356844442644002 0.2095070307714877 0.6480353852465935 0.7291267979503492 1.7694359167516058 1.36371494110735 0.9295106160962492 2025_02_11_14:23:00 -39585.040771484375
0.08100000023841858 -0.18439577519893646 0.8921795677048454 0.024803604930639267 0.08640000224113464 1.1449414806032165 0.8094304566778266 0.6981393949882269 0.9572130722067812 0.09671637683346401 0.8071282732743802 0.9731157639793706 0.8294046642529949 0.577352145256762 0.22789827565154686 0.23279088636103018 0.6356844442644002 0.2095070307714877 0.6480353852465935 0.7291267979503492 1.7759696467829895 1.3647413743221515 0.9336340015730047 2025_02_11_14:23:00 -39785.654296875
0.08100000023841858 -0.18439577519893646 0.8921795677048454 0.024803604930639267 0.08640000224113464 1.1449414806032165 0.8094304566778266 0.6981393949882269 0.9572130722067812 0.09671637683346401 0.8071282732743802 0.9731157639793706 0.8294046642529949 0.577352145256762 0.22789827565154686 0.23279088636103018 0.6356844442644002 0.2095070307714877 0.6480353852465935 0.7291267979503492 1.7835628462937807 1.3669588454003534 0.937047572718773 2025_02_11_14:23:00 -39986.23974609375
0.08100000023841858 -0.18439577519893646 0.8921795677048454 0.024803604930639267 0.08640000224113464 1.1449414806032165 0.8094304566778266 0.6981393949882269 0.9572130722067812 0.09671637683346401 0.8071282732743802 0.9731157639793706 0.8294046642529949 0.577352145256762 0.22789827565154686 0.23279088636103018 0.6356844442644002 0.2095070307714877 0.6480353852465935 0.7291267979503492 1.7928291115991537 1.375333507775218 0.9429356837977521 2025_02_11_14:23:00 -40186.821533203125
