1MXY1_Y 1MXY1_X 1MS1 1MXY2_Y 1MXY2_X 1MS2 1MXY3_Y 1MXY3_X 1MXY4_Y 1MXY4_X 1MS3 1MXY5_Y 1MXY5_X 1MXY6_Y 1MS4 1MS5 1MS6 1MQ71_X 1MS7 1MS8 1BPM3_Y 1BPM3_X 1BPM3_SUM time milliseconds
0.3203999996185303 -0.23639999330043793 5.9720001220703125 -0.008999999612569809 0.06960000097751617 7.105999946594238 -0.009600000455975533 -0.335999995470047 0.11100000143051147 0.298799991607666 4.5320000648498535 -0.16859999299049377 -0.1860000044107437 0.37400001287460327 4.245999813079834 1.281999945640564 3.2880001068115234 0.07559999823570251 2.0460000038146973 0.0 8.826606750488281 -6.6457085609436035 1205.699951171875 2025_01_28_19:09:34 -232.6591796875
0.3203999996185303 -0.23639999330043793 5.9720001220703125 -0.008999999612569809 0.06960000097751617 7.105999946594238 -0.009600000455975533 -0.335999995470047 0.11100000143051147 0.298799991607666 4.5320000648498535 -0.16859999299049377 -0.1860000044107437 0.37400001287460327 4.245999813079834 1.281999945640564 3.2880001068115234 0.07559999823570251 2.0460000038146973 0.0 8.850521087646484 -6.703835487365723 1213.68994140625 2025_01_28_19:09:35 -1055.513427734375
0.04964999854564667 -0.09650000184774399 5.9720001220703125 -0.008999999612569809 0.06960000097751617 7.105999946594238 -0.009600000455975533 -0.335999995470047 0.11100000143051147 0.298799991607666 4.5320000648498535 -0.16859999299049377 -0.1860000044107437 0.37400001287460327 4.245999813079834 1.281999945640564 3.2880001068115234 0.07559999823570251 2.0460000038146973 0.0 8.897216796875 -6.720475673675537 1218.1300048828125 2025_01_28_19:09:35 -1258.315185546875
0.04050000011920929 -0.10450000315904617 5.9720001220703125 -0.008999999612569809 0.06960000097751617 7.105999946594238 -0.009600000455975533 -0.335999995470047 0.11100000143051147 0.298799991607666 4.5320000648498535 -0.16859999299049377 -0.1860000044107437 0.37400001287460327 4.245999813079834 1.281999945640564 3.2880001068115234 0.07559999823570251 2.0460000038146973 0.0 8.322914123535156 -5.75466775894165 1210.77001953125 2025_01_28_19:09:35 -1460.184814453125
0.04050000011920929 -0.0885000005364418 5.9720001220703125 -0.008999999612569809 0.06960000097751617 7.105999946594238 -0.009600000455975533 -0.335999995470047 0.11100000143051147 0.298799991607666 4.5320000648498535 -0.16859999299049377 -0.1860000044107437 0.37400001287460327 4.245999813079834 1.281999945640564 3.2880001068115234 0.07559999823570251 2.0460000038146973 0.0 7.766459941864014 -4.851432800292969 1206.699951171875 2025_01_28_19:09:35 -1662.387451171875
0.058800000697374344 -0.10450000315904617 5.9720001220703125 -0.008999999612569809 0.06960000097751617 7.105999946594238 -0.009600000455975533 -0.335999995470047 0.11100000143051147 0.298799991607666 4.5320000648498535 -0.16859999299049377 -0.1860000044107437 0.37400001287460327 4.245999813079834 1.281999945640564 3.2880001068115234 0.07559999823570251 2.0460000038146973 0.0 7.243182182312012 -3.9194440841674805 1196.199951171875 2025_01_28_19:09:36 -1864.97802734375
0.058800000697374344 -0.0885000005364418 5.9720001220703125 -0.008999999612569809 0.06960000097751617 7.105999946594238 -0.009600000455975533 -0.335999995470047 0.11100000143051147 0.298799991607666 4.5320000648498535 -0.16859999299049377 -0.1860000044107437 0.37400001287460327 4.245999813079834 1.281999945640564 3.2880001068115234 0.07559999823570251 2.0460000038146973 0.0 6.793278694152832 -3.1493723392486572 1187.1199951171875 2025_01_28_19:09:36 -2070.421142578125
0.09435486793518066 -0.19315506517887115 5.9720001220703125 -0.008999999612569809 0.06960000097751617 7.105999946594238 -0.009600000455975533 -0.335999995470047 0.11100000143051147 0.298799991607666 4.5320000648498535 -0.16859999299049377 -0.1860000044107437 0.37400001287460327 4.245999813079834 1.281999945640564 3.2880001068115234 0.07559999823570251 2.0460000038146973 0.0 1.5938977003097534 3.7198128700256348 1132.81005859375 2025_01_28_19:09:38 -4576.524169921875
0.09435486793518066 -0.19297559559345245 5.9720001220703125 -0.008999999612569809 0.06960000097751617 7.105999946594238 -0.009600000455975533 -0.335999995470047 0.11100000143051147 0.298799991607666 4.5320000648498535 -0.16859999299049377 -0.1860000044107437 0.37400001287460327 4.245999813079834 1.281999945640564 3.2880001068115234 0.07559999823570251 2.0460000038146973 0.0 1.3963600397109985 1.5198943614959717 1155.43994140625 2025_01_28_19:09:39 -5714.985595703125
0.09898712486028671 -0.19313383102416992 5.9720001220703125 -0.008999999612569809 0.06960000097751617 7.105999946594238 -0.009600000455975533 -0.335999995470047 0.11100000143051147 0.298799991607666 4.5320000648498535 -0.16859999299049377 -0.1860000044107437 0.37400001287460327 4.245999813079834 1.281999945640564 3.2880001068115234 0.07559999823570251 2.0460000038146973 0.0 1.2362034320831299 -0.13917607069015503 1164.4100341796875 2025_01_28_19:09:41 -7274.2275390625
0.09895483404397964 -0.19313134253025055 5.9720001220703125 -0.008999999612569809 0.06960000097751617 7.105999946594238 -0.009600000455975533 -0.335999995470047 0.11100000143051147 0.298799991607666 4.5320000648498535 -0.16859999299049377 -0.1860000044107437 0.37400001287460327 4.245999813079834 1.281999945640564 3.2880001068115234 0.07559999823570251 2.0460000038146973 0.0 1.330769658088684 -0.17358621954917908 1168.6099853515625 2025_01_28_19:09:42 -8142.430908203125
0.09859788417816162 -0.1931358426809311 5.9720001220703125 -0.008999999612569809 0.06960000097751617 7.105999946594238 -0.009600000455975533 -0.335999995470047 0.11100000143051147 0.298799991607666 4.5320000648498535 -0.16859999299049377 -0.1860000044107437 0.37400001287460327 4.245999813079834 1.281999945640564 3.2880001068115234 0.07559999823570251 2.0460000038146973 0.0 1.426118016242981 -0.226087749004364 1168.6099853515625 2025_01_28_19:09:43 -9536.813720703125
0.09842321276664734 -0.19312283396720886 5.9720001220703125 -0.008999999612569809 0.06960000097751617 7.105999946594238 -0.009600000455975533 -0.335999995470047 0.11100000143051147 0.298799991607666 4.5320000648498535 -0.16859999299049377 -0.1860000044107437 0.37400001287460327 4.245999813079834 1.281999945640564 3.2880001068115234 0.07559999823570251 2.0460000038146973 0.0 1.4107661247253418 -0.2255876660346985 1171.239990234375 2025_01_28_19:09:44 -10583.468017578125
0.0982164517045021 -0.19309011101722717 5.9720001220703125 -0.008999999612569809 0.06960000097751617 7.105999946594238 -0.009600000455975533 -0.335999995470047 0.11100000143051147 0.298799991607666 4.5320000648498535 -0.16859999299049377 -0.1860000044107437 0.37400001287460327 4.245999813079834 1.281999945640564 3.2880001068115234 0.07559999823570251 2.0460000038146973 0.0 1.3418465852737427 -0.2112896740436554 1172.0400390625 2025_01_28_19:09:46 -11972.40087890625
0.09810414910316467 -0.19307376444339752 5.9720001220703125 -0.008999999612569809 0.06960000097751617 7.105999946594238 -0.009600000455975533 -0.335999995470047 0.11100000143051147 0.298799991607666 4.5320000648498535 -0.16859999299049377 -0.1860000044107437 0.37400001287460327 4.245999813079834 1.281999945640564 3.2880001068115234 0.07559999823570251 2.0460000038146973 0.0 1.3708148002624512 -0.22831915318965912 1166.6500244140625 2025_01_28_19:09:47 -13069.35791015625
0.09798076003789902 -0.19311438500881195 5.9720001220703125 -0.008999999612569809 0.06960000097751617 7.105999946594238 -0.009600000455975533 -0.335999995470047 0.11100000143051147 0.298799991607666 4.5320000648498535 -0.16859999299049377 -0.1860000044107437 0.37400001287460327 4.245999813079834 1.281999945640564 3.2880001068115234 0.07559999823570251 2.0460000038146973 0.0 1.4557368755340576 -0.19571959972381592 1174.989990234375 2025_01_28_19:09:48 -14544.21533203125
0.09789780527353287 -0.1931314766407013 5.9720001220703125 -0.008999999612569809 0.06960000097751617 7.105999946594238 -0.009600000455975533 -0.335999995470047 0.11100000143051147 0.298799991607666 4.5320000648498535 -0.16859999299049377 -0.1860000044107437 0.37400001287460327 4.245999813079834 1.281999945640564 3.2880001068115234 0.07559999823570251 2.0460000038146973 0.0 1.4497807025909424 -0.20657677948474884 1175.530029296875 2025_01_28_19:09:49 -15561.389404296875
0.09781502932310104 -0.193123921751976 5.9720001220703125 -0.008999999612569809 0.06960000097751617 7.105999946594238 -0.009600000455975533 -0.335999995470047 0.11100000143051147 0.298799991607666 4.5320000648498535 -0.16859999299049377 -0.1860000044107437 0.37400001287460327 4.245999813079834 1.281999945640564 3.2880001068115234 0.07559999823570251 2.0460000038146973 0.0 1.3824714422225952 -0.1760697364807129 1178.43994140625 2025_01_28_19:09:51 -16887.42724609375
0.09775286912918091 -0.1931096464395523 5.9720001220703125 -0.008999999612569809 0.06960000097751617 7.105999946594238 -0.009600000455975533 -0.335999995470047 0.11100000143051147 0.298799991607666 4.5320000648498535 -0.16859999299049377 -0.1860000044107437 0.37400001287460327 4.245999813079834 1.281999945640564 3.2880001068115234 0.07559999823570251 2.0460000038146973 0.0 1.3699913024902344 -0.15855427086353302 1178.1500244140625 2025_01_28_19:09:52 -18093.0439453125
0.058800000697374344 -0.0885000005364418 5.9720001220703125 -0.008999999612569809 0.06960000097751617 7.105999946594238 -0.009600000455975533 -0.335999995470047 0.11100000143051147 0.298799991607666 4.5320000648498535 -0.16859999299049377 -0.1860000044107437 0.37400001287460327 4.245999813079834 1.281999945640564 3.2880001068115234 0.07559999823570251 2.0460000038146973 0.0 1.368049144744873 0.1308179646730423 1179.56005859375 2025_01_28_19:09:52 -18320.994873046875
