1MXY1_Y 1MXY1_X 1MS1 1MXY2_Y 1MXY2_X 1MS2 1MXY3_Y 1MXY3_X 1MXY4_Y 1MXY4_X 1MS3 1MXY5_Y 1MXY5_X 1MXY6_Y 1MS4 1MS5 1MS6 1MQ71_X 1MS7 1MS8 1BPM3_X 1BPM3_Y 1BPM3_SUM time milliseconds
0.0 0.0 6.0279998779296875 0.0 0.0 6.77400016784668 0.0 0.0 0.0 0.0 4.697999954223633 0.0 0.0 0.0 6.015500068664551 1.3416999578475952 5.133999824523926 0.0 3.0820000171661377 1.173799991607666 -17.409420013427734 2.7954537868499756 2404.090087890625 2025_02_18_15:37:05 -232.328125
0.0 0.0 6.0279998779296875 0.0 0.0 6.77400016784668 0.0 0.0 0.0 0.0 4.697999954223633 0.0 0.0 0.0 6.015500068664551 1.3416999578475952 5.133999824523926 0.0 3.0820000171661377 1.173799991607666 -17.400400161743164 2.762683153152466 2407.02001953125 2025_02_18_15:37:06 -1056.22265625
0.0 0.0 6.0279998779296875 0.0 0.0 6.77400016784668 0.0 0.0 0.0 0.0 4.697999954223633 0.0 0.0 0.0 6.015500068664551 1.3416999578475952 5.133999824523926 0.0 3.0820000171661377 1.173799991607666 -17.402976989746094 2.755563259124756 2405.090087890625 2025_02_18_15:37:06 -1258.080078125
0.0 0.0 6.0279998779296875 0.0 0.0 6.77400016784668 0.0 0.0 0.0 0.0 4.697999954223633 0.0 0.0 0.0 6.015500068664551 1.3416999578475952 5.133999824523926 0.0 3.0820000171661377 1.173799991607666 -17.356769561767578 2.745043992996216 2405.64990234375 2025_02_18_15:37:06 -1459.891845703125
0.0 0.0 6.0279998779296875 0.0 0.0 6.77400016784668 0.0 0.0 0.0 0.0 4.697999954223633 0.0 0.0 0.3924500048160553 6.015500068664551 1.3416999578475952 5.133999824523926 0.0 3.0820000171661377 1.173799991607666 -17.381982803344727 2.5913729667663574 2407.02001953125 2025_02_18_15:37:06 -1663.39697265625
0.0 0.0 6.0279998779296875 0.0 0.0 6.77400016784668 0.0 0.0 0.0 0.0 4.697999954223633 0.0 0.0 0.3924500048160553 6.015500068664551 1.3416999578475952 5.133999824523926 0.0 3.0820000171661377 1.173799991607666 -17.41535186767578 2.5036139488220215 2406.7099609375 2025_02_18_15:37:07 -1865.10546875
0.0 0.0 6.0279998779296875 0.0 0.0 6.77400016784668 0.0 0.0 0.0 0.0 4.697999954223633 0.0 0.0 0.3924500048160553 6.015500068664551 1.3416999578475952 5.133999824523926 0.0 3.0820000171661377 1.173799991607666 -17.4821834564209 2.350916862487793 2409.60009765625 2025_02_18_15:37:07 -2067.039794921875
0.10267132520675659 -0.2067410796880722 6.0279998779296875 0.0350179485976696 0.1700822114944458 6.77400016784668 0.05141673609614372 -0.4018841087818146 0.08340425044298172 0.20321635901927948 4.697999954223633 -0.27635082602500916 -0.2366073578596115 0.37885433435440063 6.015500068664551 1.3416999578475952 5.133999824523926 0.158552885055542 3.0820000171661377 1.173799991607666 -16.801923751831055 2.5359275341033936 2421.56005859375 2025_02_18_15:37:07 -2273.27587890625
0.10267132520675659 -0.2067410796880722 6.0279998779296875 0.0350179485976696 0.1700822114944458 6.77400016784668 0.05141673609614372 -0.4018841087818146 0.08340425044298172 0.20321635901927948 4.697999954223633 -0.27635082602500916 -0.2366073578596115 0.37885433435440063 6.015500068664551 1.3416999578475952 5.133999824523926 0.158552885055542 3.0820000171661377 1.173799991607666 -15.92395305633545 2.7985141277313232 2439.550048828125 2025_02_18_15:37:07 -2476.178955078125
0.10267132520675659 -0.2067410796880722 6.0279998779296875 0.0350179485976696 0.1700822114944458 6.77400016784668 0.05141673609614372 -0.4018841087818146 0.08340425044298172 0.20321635901927948 4.697999954223633 -0.27635082602500916 -0.2366073578596115 0.37885433435440063 6.015500068664551 1.3416999578475952 5.133999824523926 0.158552885055542 3.0820000171661377 1.173799991607666 -15.319828033447266 2.9512271881103516 2449.610107421875 2025_02_18_15:37:07 -2679.14013671875
0.10642163455486298 -0.183587446808815 6.0279998779296875 0.02496236190199852 0.1866571009159088 6.77400016784668 0.006363602355122566 -0.4099853038787842 0.10930661857128143 0.28878745436668396 4.697999954223633 -0.14775562286376953 -0.2994687855243683 0.40964439511299133 6.015500068664551 1.3416999578475952 5.133999824523926 0.04294319450855255 3.0820000171661377 1.173799991607666 -14.449943542480469 2.9238839149475098 2464.830078125 2025_02_18_15:37:08 -2885.730224609375
0.10642163455486298 -0.183587446808815 6.0279998779296875 0.02496236190199852 0.1866571009159088 6.77400016784668 0.006363602355122566 -0.4099853038787842 0.10930661857128143 0.28878745436668396 4.697999954223633 -0.14775562286376953 -0.2994687855243683 0.40964439511299133 6.015500068664551 1.3416999578475952 5.133999824523926 0.04294319450855255 3.0820000171661377 1.173799991607666 -13.716486930847168 2.849778652191162 2477.860107421875 2025_02_18_15:37:08 -3087.457763671875
0.10642163455486298 -0.183587446808815 6.0279998779296875 0.02496236190199852 0.1866571009159088 6.77400016784668 0.006363602355122566 -0.4099853038787842 0.10930661857128143 0.28878745436668396 4.697999954223633 -0.14775562286376953 -0.2994687855243683 0.40964439511299133 6.015500068664551 1.3416999578475952 5.133999824523926 0.04294319450855255 3.0820000171661377 1.173799991607666 -13.125757217407227 2.794283390045166 2487.239990234375 2025_02_18_15:37:08 -3399.508544921875
0.08521703630685806 -0.18032239377498627 6.0279998779296875 0.004314468242228031 0.10851467400789261 6.77400016784668 0.029707949608564377 -0.33332595229148865 0.13038894534111023 0.31394925713539124 4.697999954223633 -0.21050094068050385 -0.10941565036773682 0.4751305878162384 6.015500068664551 1.3416999578475952 5.133999824523926 0.19823385775089264 3.0820000171661377 1.173799991607666 -11.293498992919922 2.7727816104888916 2505.669921875 2025_02_18_15:37:08 -3716.7158203125
0.08521703630685806 -0.18032239377498627 6.0279998779296875 0.004314468242228031 0.10851467400789261 6.77400016784668 0.029707949608564377 -0.33332595229148865 0.13038894534111023 0.31394925713539124 4.697999954223633 -0.21050094068050385 -0.10941565036773682 0.4751305878162384 6.015500068664551 1.3416999578475952 5.133999824523926 0.19823385775089264 3.0820000171661377 1.173799991607666 -10.07105541229248 2.8064889907836914 2522.2900390625 2025_02_18_15:37:09 -3918.12158203125
0.08521703630685806 -0.18032239377498627 6.0279998779296875 0.004314468242228031 0.10851467400789261 6.77400016784668 0.029707949608564377 -0.33332595229148865 0.13038894534111023 0.31394925713539124 4.697999954223633 -0.21050094068050385 -0.10941565036773682 0.4751305878162384 6.015500068664551 1.3416999578475952 5.133999824523926 0.19823385775089264 3.0820000171661377 1.173799991607666 -8.829439163208008 2.838043451309204 2533.81005859375 2025_02_18_15:37:09 -4119.5927734375
0.08306574076414108 -0.20741920173168182 6.0279998779296875 0.008381454274058342 0.15129059553146362 6.77400016784668 0.04810604825615883 -0.4234040677547455 0.13646300137043 0.28442493081092834 4.697999954223633 -0.10965090990066528 -0.2185056507587433 0.37432506680488586 6.015500068664551 1.3416999578475952 5.133999824523926 0.22019357979297638 3.0820000171661377 1.173799991607666 -8.029336929321289 2.715487003326416 2548.800048828125 2025_02_18_15:37:09 -4326.498046875
0.08306574076414108 -0.20741920173168182 6.0279998779296875 0.008381454274058342 0.15129059553146362 6.77400016784668 0.04810604825615883 -0.4234040677547455 0.13646300137043 0.28442493081092834 4.697999954223633 -0.10965090990066528 -0.2185056507587433 0.37432506680488586 6.015500068664551 1.3416999578475952 5.133999824523926 0.22019357979297638 3.0820000171661377 1.173799991607666 -7.072283744812012 2.481936454772949 2562.469970703125 2025_02_18_15:37:09 -4528.264404296875
0.08306574076414108 -0.20741920173168182 6.0279998779296875 0.008381454274058342 0.15129059553146362 6.77400016784668 0.04810604825615883 -0.4234040677547455 0.13646300137043 0.28442493081092834 4.697999954223633 -0.10965090990066528 -0.2185056507587433 0.37432506680488586 6.015500068664551 1.3416999578475952 5.133999824523926 0.22019357979297638 3.0820000171661377 1.173799991607666 -6.259527683258057 2.2901535034179688 2579.27001953125 2025_02_18_15:37:09 -4730.04638671875
0.10605035722255707 -0.19413726031780243 6.0279998779296875 0.07312959432601929 0.16140274703502655 6.77400016784668 0.05982505530118942 -0.311055988073349 0.1785135418176651 0.2375011146068573 4.697999954223633 -0.1461714506149292 -0.12356090545654297 0.39178013801574707 6.015500068664551 1.3416999578475952 5.133999824523926 0.20586057007312775 3.0820000171661377 1.173799991607666 -5.207716464996338 1.9668933153152466 2591.199951171875 2025_02_18_15:37:10 -4935.428955078125
0.10605035722255707 -0.19413726031780243 6.0279998779296875 0.07312959432601929 0.16140274703502655 6.77400016784668 0.05982505530118942 -0.311055988073349 0.1785135418176651 0.2375011146068573 4.697999954223633 -0.1461714506149292 -0.12356090545654297 0.39178013801574707 6.015500068664551 1.3416999578475952 5.133999824523926 0.20586057007312775 3.0820000171661377 1.173799991607666 -4.497126579284668 1.7192296981811523 2601.889892578125 2025_02_18_15:37:10 -5136.897216796875
0.10605035722255707 -0.19413726031780243 6.0279998779296875 0.07312959432601929 0.16140274703502655 6.77400016784668 0.05982505530118942 -0.311055988073349 0.1785135418176651 0.2375011146068573 4.697999954223633 -0.1461714506149292 -0.12356090545654297 0.39178013801574707 6.015500068664551 1.3416999578475952 5.133999824523926 0.20586057007312775 3.0820000171661377 1.173799991607666 -3.454923629760742 1.3607063293457031 2612.239990234375 2025_02_18_15:37:10 -5338.730712890625
0.09533879160881042 -0.1839597076177597 6.0279998779296875 0.060661330819129944 0.08718102425336838 6.77400016784668 -0.01505548320710659 -0.3683997094631195 0.09235391765832901 0.24585282802581787 4.697999954223633 -0.21105428040027618 -0.2967105209827423 0.3093149662017822 6.015500068664551 1.3416999578475952 5.133999824523926 0.26285669207572937 3.0820000171661377 1.173799991607666 -2.7336032390594482 1.549331545829773 2625.18994140625 2025_02_18_15:37:10 -5545.019775390625
0.09533879160881042 -0.1839597076177597 6.0279998779296875 0.060661330819129944 0.08718102425336838 6.77400016784668 -0.01505548320710659 -0.3683997094631195 0.09235391765832901 0.24585282802581787 4.697999954223633 -0.21105428040027618 -0.2967105209827423 0.3093149662017822 6.015500068664551 1.3416999578475952 5.133999824523926 0.26285669207572937 3.0820000171661377 1.173799991607666 -2.000021457672119 1.9860905408859253 2640.510009765625 2025_02_18_15:37:11 -5847.34375
0.09533879160881042 -0.1839597076177597 6.0279998779296875 0.060661330819129944 0.08718102425336838 6.77400016784668 -0.01505548320710659 -0.3683997094631195 0.09235391765832901 0.24585282802581787 4.697999954223633 -0.21105428040027618 -0.2967105209827423 0.3093149662017822 6.015500068664551 1.3416999578475952 5.133999824523926 0.26285669207572937 3.0820000171661377 1.173799991607666 -1.8008949756622314 2.125436782836914 2649.25 2025_02_18_15:37:11 -6150.090087890625
0.10399962216615677 -0.18171876668930054 6.0279998779296875 0.07899200171232224 0.1682555377483368 6.77400016784668 -0.010033807717263699 -0.32345491647720337 0.14886510372161865 0.2229914665222168 4.697999954223633 -0.2676224410533905 -0.20970040559768677 0.44111451506614685 6.015500068664551 1.3416999578475952 5.133999824523926 0.2790730893611908 3.0820000171661377 1.173799991607666 -1.9590911865234375 2.1159892082214355 2644.18994140625 2025_02_18_15:37:11 -6355.48095703125
0.10399962216615677 -0.18171876668930054 6.0279998779296875 0.07899200171232224 0.1682555377483368 6.77400016784668 -0.010033807717263699 -0.32345491647720337 0.14886510372161865 0.2229914665222168 4.697999954223633 -0.2676224410533905 -0.20970040559768677 0.44111451506614685 6.015500068664551 1.3416999578475952 5.133999824523926 0.2790730893611908 3.0820000171661377 1.173799991607666 -1.9973160028457642 1.991513729095459 2642.3798828125 2025_02_18_15:37:11 -6557.162109375
0.10399962216615677 -0.18171876668930054 6.0279998779296875 0.07899200171232224 0.1682555377483368 6.77400016784668 -0.010033807717263699 -0.32345491647720337 0.14886510372161865 0.2229914665222168 4.697999954223633 -0.2676224410533905 -0.20970040559768677 0.44111451506614685 6.015500068664551 1.3416999578475952 5.133999824523926 0.2790730893611908 3.0820000171661377 1.173799991607666 -2.001469373703003 2.0405619144439697 2638.06005859375 2025_02_18_15:37:11 -6758.8984375
0.0845588967204094 -0.19220280647277832 6.0279998779296875 0.006206692196428776 0.17770163714885712 6.77400016784668 0.01685798540711403 -0.381894588470459 0.08986274898052216 0.2878245711326599 4.697999954223633 -0.1139841228723526 -0.13202311098575592 0.32198962569236755 6.015500068664551 1.3416999578475952 5.133999824523926 0.22807352244853973 3.0820000171661377 1.173799991607666 -2.019873857498169 2.222033739089966 2639.389892578125 2025_02_18_15:37:12 -6965.621337890625
0.0845588967204094 -0.19220280647277832 6.0279998779296875 0.006206692196428776 0.17770163714885712 6.77400016784668 0.01685798540711403 -0.381894588470459 0.08986274898052216 0.2878245711326599 4.697999954223633 -0.1139841228723526 -0.13202311098575592 0.32198962569236755 6.015500068664551 1.3416999578475952 5.133999824523926 0.22807352244853973 3.0820000171661377 1.173799991607666 -1.7941772937774658 2.2702856063842773 2642.97998046875 2025_02_18_15:37:12 -7167.302001953125
0.0845588967204094 -0.19220280647277832 6.0279998779296875 0.006206692196428776 0.17770163714885712 6.77400016784668 0.01685798540711403 -0.381894588470459 0.08986274898052216 0.2878245711326599 4.697999954223633 -0.1139841228723526 -0.13202311098575592 0.32198962569236755 6.015500068664551 1.3416999578475952 5.133999824523926 0.22807352244853973 3.0820000171661377 1.173799991607666 -1.6197199821472168 2.2608842849731445 2646.969970703125 2025_02_18_15:37:12 -7369.25341796875
0.10146943479776382 -0.19377918541431427 6.0279998779296875 0.036628223955631256 0.09038043022155762 6.77400016784668 0.019769977778196335 -0.34349721670150757 0.13299337029457092 0.33482545614242554 4.697999954223633 -0.1355472207069397 -0.15677016973495483 0.3004102408885956 6.015500068664551 1.3416999578475952 5.133999824523926 0.11248494684696198 3.0820000171661377 1.173799991607666 -1.666735053062439 2.135592460632324 2648.280029296875 2025_02_18_15:37:12 -7575.54150390625
0.10146943479776382 -0.19377918541431427 6.0279998779296875 0.036628223955631256 0.09038043022155762 6.77400016784668 0.019769977778196335 -0.34349721670150757 0.13299337029457092 0.33482545614242554 4.697999954223633 -0.1355472207069397 -0.15677016973495483 0.3004102408885956 6.015500068664551 1.3416999578475952 5.133999824523926 0.11248494684696198 3.0820000171661377 1.173799991607666 -1.6721707582473755 2.0717034339904785 2645.760009765625 2025_02_18_15:37:12 -7777.197509765625
0.10146943479776382 -0.19377918541431427 6.0279998779296875 0.036628223955631256 0.09038043022155762 6.77400016784668 0.019769977778196335 -0.34349721670150757 0.13299337029457092 0.33482545614242554 4.697999954223633 -0.1355472207069397 -0.15677016973495483 0.3004102408885956 6.015500068664551 1.3416999578475952 5.133999824523926 0.11248494684696198 3.0820000171661377 1.173799991607666 -1.7273924350738525 2.0046803951263428 2645.969970703125 2025_02_18_15:37:13 -7979.0185546875
