1MXY1_Y 1MXY1_X 1MS1 1MXY2_Y 1MXY2_X 1MS2 1MXY3_Y 1MXY3_X 1MXY4_Y 1MXY4_X 1MS3 1MXY5_Y 1MXY5_X 1MXY6_Y 1MS4 1MS5 1MS6 1MQ71_X 1MS7 1MS8 1BPM3_Y 1BPM3_X 1BPM3_SUM time milliseconds
0.10460102558135986 -0.18398885428905487 5.9720001220703125 0.020330090075731277 0.13737013936042786 7.105999946594238 -0.009600000455975533 -0.335999995470047 0.11100000143051147 0.298799991607666 4.5320000648498535 -0.16859999299049377 -0.1860000044107437 0.37400001287460327 4.245999813079834 1.281999945640564 3.2880001068115234 0.07559999823570251 2.0460000038146973 0.0 4.327471733093262 -3.2565481662750244 1275.6400146484375 2025_01_28_19:38:50 -231.337158203125
0.10460102558135986 -0.18398885428905487 5.9720001220703125 0.020330090075731277 0.13737013936042786 7.105999946594238 -0.009600000455975533 -0.335999995470047 0.11100000143051147 0.298799991607666 4.5320000648498535 -0.16859999299049377 -0.1860000044107437 0.37400001287460327 4.245999813079834 1.281999945640564 3.2880001068115234 0.07559999823570251 2.0460000038146973 0.0 4.3142218589782715 -3.2886648178100586 1280.1400146484375 2025_01_28_19:38:51 -1058.18115234375
0.04964999854564667 -0.09650000184774399 5.9720001220703125 0.01899999938905239 0.06870000064373016 7.105999946594238 -0.009600000455975533 -0.335999995470047 0.11100000143051147 0.298799991607666 4.5320000648498535 -0.16859999299049377 -0.1860000044107437 0.37400001287460327 4.245999813079834 1.281999945640564 3.2880001068115234 0.07559999823570251 2.0460000038146973 0.0 4.3103532791137695 -3.0418801307678223 1278.550048828125 2025_01_28_19:38:51 -1261.64794921875
0.04050000011920929 -0.10450000315904617 5.9720001220703125 -0.001500000013038516 0.04320000112056732 7.105999946594238 -0.009600000455975533 -0.335999995470047 0.11100000143051147 0.298799991607666 4.5320000648498535 -0.16859999299049377 -0.1860000044107437 0.37400001287460327 4.245999813079834 1.281999945640564 3.2880001068115234 0.07559999823570251 2.0460000038146973 0.0 4.251409530639648 -2.4782326221466064 1274.6800537109375 2025_01_28_19:38:52 -1464.869873046875
0.04050000011920929 -0.10450000315904617 5.9720001220703125 0.039500001817941666 0.04320000112056732 7.105999946594238 -0.009600000455975533 -0.335999995470047 0.11100000143051147 0.298799991607666 4.5320000648498535 -0.16859999299049377 -0.1860000044107437 0.37400001287460327 4.245999813079834 1.281999945640564 3.2880001068115234 0.07559999823570251 2.0460000038146973 0.0 4.15726375579834 -1.9975733757019043 1272.550048828125 2025_01_28_19:38:52 -1667.5244140625
0.04050000011920929 -0.10450000315904617 5.9720001220703125 -0.001500000013038516 0.094200000166893 7.105999946594238 -0.009600000455975533 -0.335999995470047 0.11100000143051147 0.298799991607666 4.5320000648498535 -0.16859999299049377 -0.1860000044107437 0.37400001287460327 4.245999813079834 1.281999945640564 3.2880001068115234 0.07559999823570251 2.0460000038146973 0.0 4.122051239013672 -1.5128329992294312 1274.1600341796875 2025_01_28_19:38:52 -1870.507080078125
0.04050000011920929 -0.10450000315904617 5.9720001220703125 0.039500001817941666 0.094200000166893 7.105999946594238 -0.009600000455975533 -0.335999995470047 0.11100000143051147 0.298799991607666 4.5320000648498535 -0.16859999299049377 -0.1860000044107437 0.37400001287460327 4.245999813079834 1.281999945640564 3.2880001068115234 0.07559999823570251 2.0460000038146973 0.0 4.068243503570557 -1.0630958080291748 1278.0899658203125 2025_01_28_19:38:52 -2073.218017578125
0.058800000697374344 -0.10450000315904617 5.9720001220703125 -0.001500000013038516 0.04320000112056732 7.105999946594238 -0.009600000455975533 -0.335999995470047 0.11100000143051147 0.298799991607666 4.5320000648498535 -0.16859999299049377 -0.1860000044107437 0.37400001287460327 4.245999813079834 1.281999945640564 3.2880001068115234 0.07559999823570251 2.0460000038146973 0.0 4.089419364929199 -0.5982183814048767 1280.6500244140625 2025_01_28_19:38:52 -2276.259765625
0.058800000697374344 -0.10450000315904617 5.9720001220703125 0.039500001817941666 0.04320000112056732 7.105999946594238 -0.009600000455975533 -0.335999995470047 0.11100000143051147 0.298799991607666 4.5320000648498535 -0.16859999299049377 -0.1860000044107437 0.37400001287460327 4.245999813079834 1.281999945640564 3.2880001068115234 0.07559999823570251 2.0460000038146973 0.0 4.075848579406738 -0.08554094284772873 1278.1700439453125 2025_01_28_19:38:53 -2479.03564453125
0.058800000697374344 -0.10450000315904617 5.9720001220703125 -0.001500000013038516 0.094200000166893 7.105999946594238 -0.009600000455975533 -0.335999995470047 0.11100000143051147 0.298799991607666 4.5320000648498535 -0.16859999299049377 -0.1860000044107437 0.37400001287460327 4.245999813079834 1.281999945640564 3.2880001068115234 0.07559999823570251 2.0460000038146973 0.0 4.06944465637207 0.4066375494003296 1277.199951171875 2025_01_28_19:38:53 -2681.781494140625
0.058800000697374344 -0.10450000315904617 5.9720001220703125 0.039500001817941666 0.094200000166893 7.105999946594238 -0.009600000455975533 -0.335999995470047 0.11100000143051147 0.298799991607666 4.5320000648498535 -0.16859999299049377 -0.1860000044107437 0.37400001287460327 4.245999813079834 1.281999945640564 3.2880001068115234 0.07559999823570251 2.0460000038146973 0.0 4.064542770385742 0.7796046733856201 1275.2099609375 2025_01_28_19:38:53 -2884.734375
0.04050000011920929 -0.0885000005364418 5.9720001220703125 -0.001500000013038516 0.04320000112056732 7.105999946594238 -0.009600000455975533 -0.335999995470047 0.11100000143051147 0.298799991607666 4.5320000648498535 -0.16859999299049377 -0.1860000044107437 0.37400001287460327 4.245999813079834 1.281999945640564 3.2880001068115234 0.07559999823570251 2.0460000038146973 0.0 4.0706682205200195 1.3039066791534424 1275.260009765625 2025_01_28_19:38:53 -3087.647705078125
0.04050000011920929 -0.0885000005364418 5.9720001220703125 0.039500001817941666 0.04320000112056732 7.105999946594238 -0.009600000455975533 -0.335999995470047 0.11100000143051147 0.298799991607666 4.5320000648498535 -0.16859999299049377 -0.1860000044107437 0.37400001287460327 4.245999813079834 1.281999945640564 3.2880001068115234 0.07559999823570251 2.0460000038146973 0.0 4.024185657501221 1.8249119520187378 1273.7099609375 2025_01_28_19:38:53 -3290.70703125
0.04050000011920929 -0.0885000005364418 5.9720001220703125 -0.001500000013038516 0.094200000166893 7.105999946594238 -0.009600000455975533 -0.335999995470047 0.11100000143051147 0.298799991607666 4.5320000648498535 -0.16859999299049377 -0.1860000044107437 0.37400001287460327 4.245999813079834 1.281999945640564 3.2880001068115234 0.07559999823570251 2.0460000038146973 0.0 4.022303104400635 2.467315673828125 1272.3399658203125 2025_01_28_19:38:54 -3493.760009765625
0.04050000011920929 -0.0885000005364418 5.9720001220703125 0.039500001817941666 0.094200000166893 7.105999946594238 -0.009600000455975533 -0.335999995470047 0.11100000143051147 0.298799991607666 4.5320000648498535 -0.16859999299049377 -0.1860000044107437 0.37400001287460327 4.245999813079834 1.281999945640564 3.2880001068115234 0.07559999823570251 2.0460000038146973 0.0 4.024233818054199 2.949887275695801 1271.6600341796875 2025_01_28_19:38:54 -3696.736083984375
0.058800000697374344 -0.0885000005364418 5.9720001220703125 -0.001500000013038516 0.04320000112056732 7.105999946594238 -0.009600000455975533 -0.335999995470047 0.11100000143051147 0.298799991607666 4.5320000648498535 -0.16859999299049377 -0.1860000044107437 0.37400001287460327 4.245999813079834 1.281999945640564 3.2880001068115234 0.07559999823570251 2.0460000038146973 0.0 4.047921657562256 3.4433350563049316 1269.780029296875 2025_01_28_19:38:54 -3899.731201171875
0.058800000697374344 -0.0885000005364418 5.9720001220703125 0.039500001817941666 0.04320000112056732 7.105999946594238 -0.009600000455975533 -0.335999995470047 0.11100000143051147 0.298799991607666 4.5320000648498535 -0.16859999299049377 -0.1860000044107437 0.37400001287460327 4.245999813079834 1.281999945640564 3.2880001068115234 0.07559999823570251 2.0460000038146973 0.0 4.0858869552612305 3.922268867492676 1266.800048828125 2025_01_28_19:38:54 -4102.441650390625
0.058800000697374344 -0.0885000005364418 5.9720001220703125 -0.001500000013038516 0.094200000166893 7.105999946594238 -0.009600000455975533 -0.335999995470047 0.11100000143051147 0.298799991607666 4.5320000648498535 -0.16859999299049377 -0.1860000044107437 0.37400001287460327 4.245999813079834 1.281999945640564 3.2880001068115234 0.07559999823570251 2.0460000038146973 0.0 4.163863658905029 4.244222640991211 1268.0799560546875 2025_01_28_19:38:54 -4305.223876953125
0.058800000697374344 -0.0885000005364418 5.9720001220703125 0.039500001817941666 0.094200000166893 7.105999946594238 -0.009600000455975533 -0.335999995470047 0.11100000143051147 0.298799991607666 4.5320000648498535 -0.16859999299049377 -0.1860000044107437 0.37400001287460327 4.245999813079834 1.281999945640564 3.2880001068115234 0.07559999823570251 2.0460000038146973 0.0 4.231917381286621 4.202869892120361 1268.6300048828125 2025_01_28_19:38:55 -4508.21484375
0.08458752930164337 -0.20772002637386322 5.9720001220703125 0.015436297282576561 0.18302488327026367 7.105999946594238 -0.009600000455975533 -0.335999995470047 0.11100000143051147 0.298799991607666 4.5320000648498535 -0.16859999299049377 -0.1860000044107437 0.37400001287460327 4.245999813079834 1.281999945640564 3.2880001068115234 0.07559999823570251 2.0460000038146973 0.0 3.8078598976135254 -0.7763282656669617 1263.280029296875 2025_01_28_19:38:58 -7956.24853515625
0.08458732813596725 -0.20498612523078918 5.9720001220703125 0.015464132651686668 0.1830369085073471 7.105999946594238 -0.009600000455975533 -0.335999995470047 0.11100000143051147 0.298799991607666 4.5320000648498535 -0.16859999299049377 -0.1860000044107437 0.37400001287460327 4.245999813079834 1.281999945640564 3.2880001068115234 0.07559999823570251 2.0460000038146973 0.0 2.110807418823242 -4.3020501136779785 1253.280029296875 2025_01_28_19:39:00 -9508.65966796875
0.11760000139474869 -0.2061147540807724 5.9720001220703125 0.01876523531973362 0.18309608101844788 7.105999946594238 -0.009600000455975533 -0.335999995470047 0.11100000143051147 0.298799991607666 4.5320000648498535 -0.16859999299049377 -0.1860000044107437 0.37400001287460327 4.245999813079834 1.281999945640564 3.2880001068115234 0.07559999823570251 2.0460000038146973 0.0 2.960292100906372 -4.841142654418945 1272.3199462890625 2025_01_28_19:39:02 -11867.115966796875
0.08100000023841858 -0.20728570222854614 5.9720001220703125 0.016229869797825813 0.18304115533828735 7.105999946594238 -0.009600000455975533 -0.335999995470047 0.11100000143051147 0.298799991607666 4.5320000648498535 -0.16859999299049377 -0.1860000044107437 0.37400001287460327 4.245999813079834 1.281999945640564 3.2880001068115234 0.07559999823570251 2.0460000038146973 0.0 3.5673372745513916 -5.301192760467529 1289.449951171875 2025_01_28_19:39:04 -13896.04296875
0.08459557592868805 -0.19776010513305664 5.9720001220703125 0.01541917771100998 0.18302831053733826 7.105999946594238 -0.009600000455975533 -0.335999995470047 0.11100000143051147 0.298799991607666 4.5320000648498535 -0.16859999299049377 -0.1860000044107437 0.37400001287460327 4.245999813079834 1.281999945640564 3.2880001068115234 0.07559999823570251 2.0460000038146973 0.0 2.1225719451904297 -4.05924654006958 1253.8699951171875 2025_01_28_19:39:07 -16594.82666015625
0.08100000023841858 -0.1770000010728836 5.9720001220703125 -0.003000000026077032 0.08640000224113464 7.105999946594238 -0.009600000455975533 -0.335999995470047 0.11100000143051147 0.298799991607666 4.5320000648498535 -0.16859999299049377 -0.1860000044107437 0.37400001287460327 4.245999813079834 1.281999945640564 3.2880001068115234 0.07559999823570251 2.0460000038146973 0.0 2.1789252758026123 -3.8900856971740723 1256.1800537109375 2025_01_28_19:39:07 -16921.7001953125
0.08470440655946732 -0.20900000631809235 5.9720001220703125 0.015443528071045876 0.1830170750617981 7.105999946594238 -0.009600000455975533 -0.335999995470047 0.11100000143051147 0.298799991607666 4.5320000648498535 -0.16859999299049377 -0.1860000044107437 0.37400001287460327 4.245999813079834 1.281999945640564 3.2880001068115234 0.07559999823570251 2.0460000038146973 0.0 2.0277745723724365 -3.0073111057281494 1258.8199462890625 2025_01_28_19:39:09 -18830.7548828125
0.08460313826799393 -0.1917063295841217 5.9720001220703125 0.016001705080270767 0.1831825077533722 7.105999946594238 -0.009600000455975533 -0.335999995470047 0.11100000143051147 0.298799991607666 4.5320000648498535 -0.16859999299049377 -0.1860000044107437 0.37400001287460327 4.245999813079834 1.281999945640564 3.2880001068115234 0.07559999823570251 2.0460000038146973 0.0 1.9779679775238037 -3.0850839614868164 1257.699951171875 2025_01_28_19:39:10 -19933.638671875
0.11760000139474869 -0.1916143000125885 5.9720001220703125 0.012750010937452316 0.08920720219612122 7.105999946594238 -0.009600000455975533 -0.335999995470047 0.11100000143051147 0.298799991607666 4.5320000648498535 -0.16859999299049377 -0.1860000044107437 0.37400001287460327 4.245999813079834 1.281999945640564 3.2880001068115234 0.07559999823570251 2.0460000038146973 0.0 2.5802042484283447 -3.6887402534484863 1269.280029296875 2025_01_28_19:39:12 -21400.488037109375
0.11760000139474869 -0.1770000010728836 5.9720001220703125 0.0016730674542486668 0.08640000224113464 7.105999946594238 -0.009600000455975533 -0.335999995470047 0.11100000143051147 0.298799991607666 4.5320000648498535 -0.16859999299049377 -0.1860000044107437 0.37400001287460327 4.245999813079834 1.281999945640564 3.2880001068115234 0.07559999823570251 2.0460000038146973 0.0 2.8371667861938477 -3.4842920303344727 1273.5999755859375 2025_01_28_19:39:12 -21882.853759765625
0.08100000023841858 -0.1867842674255371 5.9720001220703125 -0.003000000026077032 0.08640000224113464 7.105999946594238 -0.009600000455975533 -0.335999995470047 0.11100000143051147 0.298799991607666 4.5320000648498535 -0.16859999299049377 -0.1860000044107437 0.37400001287460327 4.245999813079834 1.281999945640564 3.2880001068115234 0.07559999823570251 2.0460000038146973 0.0 2.6363797187805176 -2.077821969985962 1260.75 2025_01_28_19:39:14 -23864.822021484375
0.08100000023841858 -0.18680165708065033 5.9720001220703125 -0.003000000026077032 0.08640000224113464 7.105999946594238 -0.009600000455975533 -0.335999995470047 0.11100000143051147 0.298799991607666 4.5320000648498535 -0.16859999299049377 -0.1860000044107437 0.37400001287460327 4.245999813079834 1.281999945640564 3.2880001068115234 0.07559999823570251 2.0460000038146973 0.0 1.8178901672363281 -1.5572034120559692 1252.530029296875 2025_01_28_19:39:15 -25103.8134765625
0.08100000023841858 -0.1869811862707138 5.9720001220703125 -0.003000000026077032 0.08640000224113464 7.105999946594238 -0.009600000455975533 -0.335999995470047 0.11100000143051147 0.298799991607666 4.5320000648498535 -0.16859999299049377 -0.1860000044107437 0.37400001287460327 4.245999813079834 1.281999945640564 3.2880001068115234 0.07559999823570251 2.0460000038146973 0.0 1.2661539316177368 -1.4178128242492676 1246.030029296875 2025_01_28_19:39:17 -27277.0498046875
0.08100000023841858 -0.1870872527360916 5.9720001220703125 -0.003000000026077032 0.08640000224113464 7.105999946594238 -0.009600000455975533 -0.335999995470047 0.11100000143051147 0.298799991607666 4.5320000648498535 -0.16859999299049377 -0.1860000044107437 0.37400001287460327 4.245999813079834 1.281999945640564 3.2880001068115234 0.07559999823570251 2.0460000038146973 0.0 1.1708391904830933 -1.4204092025756836 1246.3299560546875 2025_01_28_19:39:19 -29081.259765625
0.08100000023841858 -0.18718668818473816 5.9720001220703125 -0.003000000026077032 0.08640000224113464 7.105999946594238 -0.009600000455975533 -0.335999995470047 0.11100000143051147 0.298799991607666 4.5320000648498535 -0.16859999299049377 -0.1860000044107437 0.37400001287460327 4.245999813079834 1.281999945640564 3.2880001068115234 0.07559999823570251 2.0460000038146973 0.0 1.1137763261795044 -1.3244526386260986 1248.18994140625 2025_01_28_19:39:22 -31317.0595703125
0.08100000023841858 -0.18726980686187744 5.9720001220703125 -0.003000000026077032 0.08640000224113464 7.105999946594238 -0.009600000455975533 -0.335999995470047 0.11100000143051147 0.298799991607666 4.5320000648498535 -0.16859999299049377 -0.1860000044107437 0.37400001287460327 4.245999813079834 1.281999945640564 3.2880001068115234 0.07559999823570251 2.0460000038146973 0.0 1.1548675298690796 -1.3777165412902832 1243.5 2025_01_28_19:39:23 -32369.47216796875
0.08100000023841858 -0.18733051419258118 5.9720001220703125 -0.003000000026077032 0.08640000224113464 7.105999946594238 -0.009600000455975533 -0.335999995470047 0.11100000143051147 0.298799991607666 4.5320000648498535 -0.16859999299049377 -0.1860000044107437 0.37400001287460327 4.245999813079834 1.281999945640564 3.2880001068115234 0.07559999823570251 2.0460000038146973 0.0 1.1115620136260986 -1.380842685699463 1244.8599853515625 2025_01_28_19:39:25 -34713.796142578125
0.08100000023841858 -0.18737728893756866 5.9720001220703125 -0.003000000026077032 0.08640000224113464 7.105999946594238 -0.009600000455975533 -0.335999995470047 0.11100000143051147 0.298799991607666 4.5320000648498535 -0.16859999299049377 -0.1860000044107437 0.37400001287460327 4.245999813079834 1.281999945640564 3.2880001068115234 0.07559999823570251 2.0460000038146973 0.0 1.1464020013809204 -1.4230825901031494 1244.4599609375 2025_01_28_19:39:27 -36937.8876953125
0.08100000023841858 -0.18741253018379211 5.9720001220703125 -0.003000000026077032 0.08640000224113464 7.105999946594238 -0.009600000455975533 -0.335999995470047 0.11100000143051147 0.298799991607666 4.5320000648498535 -0.16859999299049377 -0.1860000044107437 0.37400001287460327 4.245999813079834 1.281999945640564 3.2880001068115234 0.07559999823570251 2.0460000038146973 0.0 1.2307772636413574 -1.4375797510147095 1243.530029296875 2025_01_28_19:39:29 -38825.605224609375
0.08100000023841858 -0.18743184208869934 5.9720001220703125 -0.003000000026077032 0.08640000224113464 7.105999946594238 -0.009600000455975533 -0.335999995470047 0.11100000143051147 0.298799991607666 4.5320000648498535 -0.16859999299049377 -0.1860000044107437 0.37400001287460327 4.245999813079834 1.281999945640564 3.2880001068115234 0.07559999823570251 2.0460000038146973 0.0 1.205810785293579 -1.4394831657409668 1243.52001953125 2025_01_28_19:39:30 -39740.86474609375
0.08100000023841858 -0.18744836747646332 5.9720001220703125 -0.003000000026077032 0.08640000224113464 7.105999946594238 -0.009600000455975533 -0.335999995470047 0.11100000143051147 0.298799991607666 4.5320000648498535 -0.16859999299049377 -0.1860000044107437 0.37400001287460327 4.245999813079834 1.281999945640564 3.2880001068115234 0.07559999823570251 2.0460000038146973 0.0 1.1417275667190552 -1.4839168787002563 1245.8699951171875 2025_01_28_19:39:32 -41484.623779296875
0.08100000023841858 -0.18746024370193481 5.9720001220703125 -0.003000000026077032 0.08640000224113464 7.105999946594238 -0.009600000455975533 -0.335999995470047 0.11100000143051147 0.298799991607666 4.5320000648498535 -0.16859999299049377 -0.1860000044107437 0.37400001287460327 4.245999813079834 1.281999945640564 3.2880001068115234 0.07559999823570251 2.0460000038146973 0.0 1.1361061334609985 -1.466797947883606 1249.0400390625 2025_01_28_19:39:33 -43258.4384765625
0.08100000023841858 -0.1874716579914093 5.9720001220703125 -0.003000000026077032 0.08640000224113464 7.105999946594238 -0.009600000455975533 -0.335999995470047 0.11100000143051147 0.298799991607666 4.5320000648498535 -0.16859999299049377 -0.1860000044107437 0.37400001287460327 4.245999813079834 1.281999945640564 3.2880001068115234 0.07559999823570251 2.0460000038146973 0.0 1.1626946926116943 -1.4501575231552124 1248.1800537109375 2025_01_28_19:39:36 -45620.479736328125
0.08100000023841858 -0.18748098611831665 5.9720001220703125 -0.003000000026077032 0.08640000224113464 7.105999946594238 -0.009600000455975533 -0.335999995470047 0.11100000143051147 0.298799991607666 4.5320000648498535 -0.16859999299049377 -0.1860000044107437 0.37400001287460327 4.245999813079834 1.281999945640564 3.2880001068115234 0.07559999823570251 2.0460000038146973 0.0 1.0895228385925293 -1.4042624235153198 1252.4300537109375 2025_01_28_19:39:38 -47800.957763671875
0.08100000023841858 -0.18749414384365082 5.9720001220703125 -0.003000000026077032 0.08640000224113464 7.105999946594238 -0.009600000455975533 -0.335999995470047 0.11100000143051147 0.298799991607666 4.5320000648498535 -0.16859999299049377 -0.1860000044107437 0.37400001287460327 4.245999813079834 1.281999945640564 3.2880001068115234 0.07559999823570251 2.0460000038146973 0.0 1.0848002433776855 -1.4382448196411133 1253.81005859375 2025_01_28_19:39:40 -49394.9248046875
0.08100000023841858 -0.1875036507844925 5.9720001220703125 -0.003000000026077032 0.08640000224113464 7.105999946594238 -0.009600000455975533 -0.335999995470047 0.11100000143051147 0.298799991607666 4.5320000648498535 -0.16859999299049377 -0.1860000044107437 0.37400001287460327 4.245999813079834 1.281999945640564 3.2880001068115234 0.07559999823570251 2.0460000038146973 0.0 1.1307181119918823 -1.4149361848831177 1257.8299560546875 2025_01_28_19:39:43 -53253.02880859375
0.08100000023841858 -0.1875121295452118 5.9720001220703125 -0.003000000026077032 0.08640000224113464 7.105999946594238 -0.009600000455975533 -0.335999995470047 0.11100000143051147 0.298799991607666 4.5320000648498535 -0.16859999299049377 -0.1860000044107437 0.37400001287460327 4.245999813079834 1.281999945640564 3.2880001068115234 0.07559999823570251 2.0460000038146973 0.0 1.0876158475875854 -1.4579250812530518 1261.3399658203125 2025_01_28_19:39:45 -54514.486328125
0.08100000023841858 -0.18751807510852814 5.9720001220703125 -0.003000000026077032 0.08640000224113464 7.105999946594238 -0.009600000455975533 -0.335999995470047 0.11100000143051147 0.298799991607666 4.5320000648498535 -0.16859999299049377 -0.1860000044107437 0.37400001287460327 4.245999813079834 1.281999945640564 3.2880001068115234 0.07559999823570251 2.0460000038146973 0.0 1.0690311193466187 -1.4400047063827515 1258.3399658203125 2025_01_28_19:39:46 -55320.17822265625
0.08100000023841858 -0.1875249743461609 5.9720001220703125 -0.003000000026077032 0.08640000224113464 7.105999946594238 -0.009600000455975533 -0.335999995470047 0.11100000143051147 0.298799991607666 4.5320000648498535 -0.16859999299049377 -0.1860000044107437 0.37400001287460327 4.245999813079834 1.281999945640564 3.2880001068115234 0.07559999823570251 2.0460000038146973 0.0 1.0775558948516846 -1.4700829982757568 1253.6400146484375 2025_01_28_19:39:48 -57388.934326171875
0.08100000023841858 -0.1875290870666504 5.9720001220703125 -0.003000000026077032 0.08640000224113464 7.105999946594238 -0.009600000455975533 -0.335999995470047 0.11100000143051147 0.298799991607666 4.5320000648498535 -0.16859999299049377 -0.1860000044107437 0.37400001287460327 4.245999813079834 1.281999945640564 3.2880001068115234 0.07559999823570251 2.0460000038146973 0.0 1.1383389234542847 -1.482629418373108 1246.6099853515625 2025_01_28_19:39:49 -59276.736083984375
0.08100000023841858 -0.18718668818473816 5.9720001220703125 -0.003000000026077032 0.08640000224113464 7.105999946594238 -0.009600000455975533 -0.335999995470047 0.11100000143051147 0.298799991607666 4.5320000648498535 -0.16859999299049377 -0.1860000044107437 0.37400001287460327 4.245999813079834 1.281999945640564 3.2880001068115234 0.07559999823570251 2.0460000038146973 0.0 1.1265006065368652 -1.4681380987167358 1246.4000244140625 2025_01_28_19:39:50 -59504.890380859375
