1MXY1_Y 1MXY1_X 1MS1 1MXY2_Y 1MXY2_X 1MS2 1MXY3_Y 1MXY3_X 1MXY4_Y 1MXY4_X 1MS3 1MXY5_Y 1MXY5_X 1MXY6_Y 1MS4 1MS5 1MS6 1MQ71_X 1MS7 1MS8 1BPM3_X 1BPM3_Y 1BPM3_SUM time milliseconds
0.6394267984578837 0.22321073814882275 0.8921795677048454 0.029797219438070344 0.026535969683863625 0.5449414806032167 0.8094304566778266 0.6981393949882269 0.9572130722067812 0.09671637683346401 0.8071282732743802 0.9731157639793706 0.8294046642529949 0.577352145256762 0.22789827565154686 0.23279088636103018 0.6356844442644002 0.2095070307714877 0.6480353852465935 0.7291267979503492 0.9899945143908426 0.6857107422933812 0.23532253238113526 2025_04_23_15:29:30 -204.07763671875
0.6394267984578837 0.22321073814882275 0.8921795677048454 0.029797219438070344 0.026535969683863625 0.5449414806032167 0.8094304566778266 0.6981393949882269 0.9572130722067812 0.09671637683346401 0.8071282732743802 0.9731157639793706 0.8294046642529949 0.577352145256762 0.22789827565154686 0.23279088636103018 0.6356844442644002 0.2095070307714877 0.6480353852465935 0.7291267979503492 0.9950003755213456 0.6874972610986826 0.24444881077458347 2025_04_23_15:29:31 -755.7646484375
0.6394267984578837 0.22321073814882275 0.8921795677048454 0.029797219438070344 0.026535969683863625 0.5449414806032167 0.8094304566778266 0.6981393949882269 0.9572130722067812 0.09671637683346401 0.8071282732743802 0.9731157639793706 0.8294046642529949 0.577352145256762 0.22789827565154686 0.23279088636103018 0.6356844442644002 0.2095070307714877 0.6480353852465935 0.7291267979503492 0.9998602801545117 0.6881893862833665 0.25205483242715576 2025_04_23_15:29:31 -956.775146484375
0.6394267984578837 0.22321073814882275 0.8921795677048454 0.029797219438070344 0.026535969683863625 0.5449414806032167 0.8094304566778266 0.6981393949882269 0.9572130722067812 0.09671637683346401 0.8071282732743802 0.9731157639793706 0.8294046642529949 0.577352145256762 0.22789827565154686 0.23279088636103018 0.6356844442644002 0.2095070307714877 0.6480353852465935 0.7291267979503492 1.0021614274804775 0.690391560127882 0.25276476328724606 2025_04_23_15:29:31 -1157.749755859375
0.08929493880316763 -0.1794596646815704 0.8921795677048454 0.03792224612354754 0.1443066569492948 0.5449414806032167 0.014794538199626985 -0.42145184849791684 0.07544202573593625 0.2727551986532899 0.8071282732743802 -0.11860525004799158 -0.2554904780647205 0.3072014405392728 0.22789827565154686 0.23279088636103018 0.6356844442644002 0.1814087258029893 0.6480353852465935 0.7291267979503492 1.0088950729534105 0.7002332122415417 0.25374894199876563 2025_04_23_15:29:31 -1359.745849609375
0.11584566909861956 -0.19310755045102543 0.8921795677048454 0.06604402186973951 0.10319650061037869 0.5449414806032167 0.07750769257211657 -0.32546985137705303 0.233655382133247 0.24735045479070294 0.8071282732743802 -0.12896347020728932 -0.31009119458050305 0.5049064046378273 0.22789827565154686 0.23279088636103018 0.6356844442644002 0.18920416965040926 0.6480353852465935 0.7291267979503492 1.0137514842079176 0.7023706852335335 0.25775934492426017 2025_04_23_15:29:31 -1561.11376953125
0.09163725335540357 -0.18923110053559472 0.8921795677048454 0.06391598661447799 0.1756929127722735 0.5449414806032167 0.07084031924037332 -0.32442193345397974 0.23376865480047807 0.23555118752139784 0.8071282732743802 -0.11247041614932543 -0.23025090319117097 0.3281354238445056 0.22789827565154686 0.23279088636103018 0.6356844442644002 0.08684433787992103 0.6480353852465935 0.7291267979503492 1.0222786831284005 0.7039450125129284 0.2673671339570047 2025_04_23_15:29:32 -1762.141357421875
0.08601022650423477 -0.18623179331561904 0.8921795677048454 0.06783710976174814 0.1133477601841727 0.5449414806032167 0.06673859913718252 -0.3067551059590793 0.21962028888166865 0.22284502145350946 0.8071282732743802 -0.10558095879252377 -0.31653132550130686 0.44899299649675595 0.22789827565154686 0.23279088636103018 0.6356844442644002 0.23365282886556346 0.6480353852465935 0.7291267979503492 1.0254404550911191 0.7114636574370724 0.26809256510193624 2025_04_23_15:29:32 -1963.29345703125
0.11696209669308942 -0.198782432874566 0.8921795677048454 0.0658419146545219 0.15364669302518325 0.5449414806032167 0.06398190710119217 -0.4406910997078221 0.10592994094141302 0.31839136987265837 0.8071282732743802 -0.14553078997095792 -0.30785990017695797 0.34904729285705627 0.22789827565154686 0.23279088636103018 0.6356844442644002 0.12685224094007047 0.6480353852465935 0.7291267979503492 1.0348297551303902 0.7128065685810061 0.2692468518061273 2025_04_23_15:29:32 -2164.644287109375
0.08696365481478086 -0.2029573615321993 0.8921795677048454 0.03006558497783338 0.1790732984086113 0.5449414806032167 -0.010206546628865958 -0.278404087255524 0.18378188318463692 0.24939238413798626 0.8071282732743802 -0.1459952552866934 -0.15547781124930896 0.3490135543913582 0.22789827565154686 0.23279088636103018 0.6356844442644002 0.011654389401513029 0.6480353852465935 0.7291267979503492 1.039106624320197 0.7129032655770895 0.26999929040686493 2025_04_23_15:29:32 -2365.8798828125
0.09776142502550987 -0.19350350489197315 0.8921795677048454 0.06317784424221957 0.08935689214596604 0.5449414806032167 0.046991976432086885 -0.370642196229539 0.2528986483425325 0.25720775438565824 0.8071282732743802 -0.11203203057159242 -0.2306989112137604 0.3602564361478837 0.22789827565154686 0.23279088636103018 0.6356844442644002 0.10012283004325452 0.6480353852465935 0.7291267979503492 1.0484054344771336 0.7215493225392892 0.2797613507361746 2025_04_23_15:29:32 -2567.289794921875
0.11342267998060385 -0.1787340611109331 0.8921795677048454 0.04925634942957012 0.11893748603847326 0.5449414806032167 0.022565409135811176 -0.33900999069007465 0.12885015153620857 0.19717915633771027 0.8071282732743802 -0.163084625330762 -0.13141325804428805 0.34032655587427507 0.22789827565154686 0.23279088636103018 0.6356844442644002 0.052976896772079306 0.6480353852465935 0.7291267979503492 1.0486420788241482 0.7234806204225662 0.28304397024815164 2025_04_23_15:29:33 -2768.471435546875
0.11510656280834414 -0.17970698848065383 0.8921795677048454 0.058132095538553 0.08969282454028868 0.5449414806032167 0.0502011983729187 -0.29548272509684775 0.08635377874677949 0.33088971427687086 0.8071282732743802 -0.21215258886154775 -0.2179341286571697 0.28371028071737464 0.22789827565154686 0.23279088636103018 0.6356844442644002 0.29018133047755745 0.6480353852465935 0.7291267979503492 1.0544079592591142 0.726027845483952 0.2901318230864933 2025_04_23_15:29:33 -2969.748046875
0.10229834992614201 -0.2031563440298953 0.8921795677048454 0.009974548824247552 0.12158677770465742 0.5449414806032167 0.06799514910170763 -0.3503852779176278 0.2374845349222148 0.32032889698568046 0.8071282732743802 -0.21096362281495393 -0.1524479195685012 0.3538667109871556 0.22789827565154686 0.23279088636103018 0.6356844442644002 0.23127021090739355 0.6480353852465935 0.7291267979503492 1.063811595966416 0.7328010249366794 0.29915987854381915 2025_04_23_15:29:33 -3171.179931640625
