1MXY1_Y 1MXY1_X 1MS1 1MXY2_Y 1MXY2_X 1MS2 1MXY3_Y 1MXY3_X 1MXY4_Y 1MXY4_X 1MS3 1MXY5_Y 1MXY5_X 1MXY6_Y 1MS4 1MS5 1MS6 1MQ71_X 1MS7 1MS8 1BPM3_X 1BPM3_Y 1BPM3_SUM time milliseconds
0.10146943479776382 -0.19377918541431427 6.0279998779296875 0.036628223955631256 0.09038043022155762 6.77400016784668 0.019769977778196335 -0.34349721670150757 0.13299337029457092 0.33482545614242554 4.697999954223633 -0.1355472207069397 -0.15677016973495483 0.3004102408885956 6.015500068664551 1.3416999578475952 5.133999824523926 0.11248494684696198 3.0820000171661377 1.173799991607666 2.1580405235290527 1.7005600929260254 2656.800048828125 2025_02_18_15:37:56 -233.421142578125
0.10146943479776382 -0.19377918541431427 6.0279998779296875 0.036628223955631256 0.09038043022155762 6.77400016784668 0.019769977778196335 -0.34349721670150757 0.13299337029457092 0.33482545614242554 4.697999954223633 -0.1355472207069397 -0.15677016973495483 0.3004102408885956 6.015500068664551 1.3416999578475952 5.133999824523926 0.11248494684696198 3.0820000171661377 1.173799991607666 2.1428885459899902 1.6824734210968018 2658.3798828125 2025_02_18_15:37:57 -1046.84912109375
0.10146943479776382 -0.19377918541431427 6.0279998779296875 0.036628223955631256 0.09038043022155762 6.77400016784668 0.019769977778196335 -0.34349721670150757 0.13299337029457092 0.33482545614242554 4.697999954223633 -0.1355472207069397 -0.15677016973495483 0.3004102408885956 6.015500068664551 1.3416999578475952 5.133999824523926 0.11248494684696198 3.0820000171661377 1.173799991607666 2.139064073562622 1.6892699003219604 2658.1201171875 2025_02_18_15:37:57 -1450.234130859375
0.10146943479776382 -0.19377918541431427 6.0279998779296875 0.036628223955631256 0.09038043022155762 6.77400016784668 0.019769977778196335 -0.34349721670150757 0.13299337029457092 0.33482545614242554 4.697999954223633 -0.1355472207069397 -0.15677016973495483 0.3924500048160553 6.015500068664551 1.3416999578475952 5.133999824523926 0.11248494684696198 3.0820000171661377 1.173799991607666 2.146411895751953 1.6781059503555298 2655.47998046875 2025_02_18_15:37:57 -1653.949951171875
0.10146943479776382 -0.19377918541431427 6.0279998779296875 0.036628223955631256 0.09038043022155762 6.77400016784668 0.019769977778196335 -0.34349721670150757 0.13299337029457092 0.33482545614242554 4.697999954223633 -0.1355472207069397 -0.15677016973495483 0.3924500048160553 6.015500068664551 1.3416999578475952 5.133999824523926 0.11248494684696198 3.0820000171661377 1.173799991607666 2.1511502265930176 1.5998811721801758 2656.9599609375 2025_02_18_15:37:57 -1855.9677734375
0.10146943479776382 -0.19377918541431427 6.0279998779296875 0.036628223955631256 0.09038043022155762 6.77400016784668 0.019769977778196335 -0.34349721670150757 0.13299337029457092 0.33482545614242554 4.697999954223633 -0.1355472207069397 -0.15677016973495483 0.3924500048160553 6.015500068664551 1.3416999578475952 5.133999824523926 0.11248494684696198 3.0820000171661377 1.173799991607666 2.1483685970306396 1.5606673955917358 2658.110107421875 2025_02_18_15:37:58 -2058.152099609375
0.08279416710138321 -0.19655132293701172 6.0279998779296875 0.02371440827846527 0.1838202327489853 6.77400016784668 0.03884632885456085 -0.28631094098091125 0.2503719627857208 0.3221369981765747 4.697999954223633 -0.1278328150510788 -0.29630354046821594 0.4423165023326874 6.015500068664551 1.3416999578475952 5.133999824523926 0.08310963213443756 3.0820000171661377 1.173799991607666 2.1562087535858154 1.4911280870437622 2655.52001953125 2025_02_18_15:37:58 -2269.28076171875
0.08279416710138321 -0.19655132293701172 6.0279998779296875 0.02371440827846527 0.1838202327489853 6.77400016784668 0.03884632885456085 -0.28631094098091125 0.2503719627857208 0.3221369981765747 4.697999954223633 -0.1278328150510788 -0.29630354046821594 0.4423165023326874 6.015500068664551 1.3416999578475952 5.133999824523926 0.08310963213443756 3.0820000171661377 1.173799991607666 1.8976542949676514 1.3747797012329102 2659.43994140625 2025_02_18_15:37:58 -2473.3916015625
0.08279416710138321 -0.19655132293701172 6.0279998779296875 0.02371440827846527 0.1838202327489853 6.77400016784668 0.03884632885456085 -0.28631094098091125 0.2503719627857208 0.3221369981765747 4.697999954223633 -0.1278328150510788 -0.29630354046821594 0.4423165023326874 6.015500068664551 1.3416999578475952 5.133999824523926 0.08310963213443756 3.0820000171661377 1.173799991607666 1.5617952346801758 1.113215446472168 2658.68994140625 2025_02_18_15:37:58 -2675.343505859375
0.10020288079977036 -0.19513432681560516 6.0279998779296875 2.2406175048672594e-05 0.18589700758457184 6.77400016784668 -0.021247096359729767 -0.39013710618019104 0.1307670623064041 0.2751137912273407 4.697999954223633 -0.11662541329860687 -0.3236723840236664 0.3819239139556885 6.015500068664551 1.3416999578475952 5.133999824523926 0.18513602018356323 3.0820000171661377 1.173799991607666 1.0216695070266724 0.9584806561470032 2658.2900390625 2025_02_18_15:37:58 -2897.8623046875
0.10020288079977036 -0.19513432681560516 6.0279998779296875 2.2406175048672594e-05 0.18589700758457184 6.77400016784668 -0.021247096359729767 -0.39013710618019104 0.1307670623064041 0.2751137912273407 4.697999954223633 -0.11662541329860687 -0.3236723840236664 0.3819239139556885 6.015500068664551 1.3416999578475952 5.133999824523926 0.18513602018356323 3.0820000171661377 1.173799991607666 0.5292258858680725 0.8864457607269287 2662.6298828125 2025_02_18_15:37:59 -3099.1787109375
0.10020288079977036 -0.19513432681560516 6.0279998779296875 2.2406175048672594e-05 0.18589700758457184 6.77400016784668 -0.021247096359729767 -0.39013710618019104 0.1307670623064041 0.2751137912273407 4.697999954223633 -0.11662541329860687 -0.3236723840236664 0.3819239139556885 6.015500068664551 1.3416999578475952 5.133999824523926 0.18513602018356323 3.0820000171661377 1.173799991607666 0.22479316592216492 0.8616030216217041 2661.530029296875 2025_02_18_15:37:59 -3401.186767578125
0.10764423757791519 -0.18479400873184204 6.0279998779296875 0.05328443646430969 0.16522732377052307 6.77400016784668 0.07400396466255188 -0.31188443303108215 0.1090281680226326 0.26534566283226013 4.697999954223633 -0.1720036417245865 -0.308398574590683 0.3543844223022461 6.015500068664551 1.3416999578475952 5.133999824523926 0.2341351956129074 3.0820000171661377 1.173799991607666 -0.2781088948249817 0.7891390919685364 2662.22998046875 2025_02_18_15:37:59 -3708.046630859375
0.10764423757791519 -0.18479400873184204 6.0279998779296875 0.05328443646430969 0.16522732377052307 6.77400016784668 0.07400396466255188 -0.31188443303108215 0.1090281680226326 0.26534566283226013 4.697999954223633 -0.1720036417245865 -0.308398574590683 0.3543844223022461 6.015500068664551 1.3416999578475952 5.133999824523926 0.2341351956129074 3.0820000171661377 1.173799991607666 -0.9910642504692078 0.8362023234367371 2667.43994140625 2025_02_18_15:37:59 -3909.68505859375
0.10764423757791519 -0.18479400873184204 6.0279998779296875 0.05328443646430969 0.16522732377052307 6.77400016784668 0.07400396466255188 -0.31188443303108215 0.1090281680226326 0.26534566283226013 4.697999954223633 -0.1720036417245865 -0.308398574590683 0.3543844223022461 6.015500068664551 1.3416999578475952 5.133999824523926 0.2341351956129074 3.0820000171661377 1.173799991607666 -1.5236308574676514 0.8905527591705322 2671.429931640625 2025_02_18_15:38:00 -4111.333251953125
0.10060280561447144 -0.1802062839269638 6.0279998779296875 0.010174162685871124 0.171221062541008 6.77400016784668 0.07288320362567902 -0.2800505757331848 0.20309586822986603 0.2911436855792999 4.697999954223633 -0.18602603673934937 -0.21718275547027588 0.3445222079753876 6.015500068664551 1.3416999578475952 5.133999824523926 0.19527751207351685 3.0820000171661377 1.173799991607666 -1.913334608078003 0.899861216545105 2675.14990234375 2025_02_18_15:38:00 -4318.48828125
0.10060280561447144 -0.1802062839269638 6.0279998779296875 0.010174162685871124 0.171221062541008 6.77400016784668 0.07288320362567902 -0.2800505757331848 0.20309586822986603 0.2911436855792999 4.697999954223633 -0.18602603673934937 -0.21718275547027588 0.3445222079753876 6.015500068664551 1.3416999578475952 5.133999824523926 0.19527751207351685 3.0820000171661377 1.173799991607666 -2.0771565437316895 0.8349641561508179 2679.110107421875 2025_02_18_15:38:00 -4520.161865234375
0.10060280561447144 -0.1802062839269638 6.0279998779296875 0.010174162685871124 0.171221062541008 6.77400016784668 0.07288320362567902 -0.2800505757331848 0.20309586822986603 0.2911436855792999 4.697999954223633 -0.18602603673934937 -0.21718275547027588 0.3445222079753876 6.015500068664551 1.3416999578475952 5.133999824523926 0.19527751207351685 3.0820000171661377 1.173799991607666 -2.359520673751831 0.6884182691574097 2677.889892578125 2025_02_18_15:38:00 -4721.828125
0.09369605034589767 -0.2075270116329193 6.0279998779296875 0.04554564878344536 0.141339510679245 6.77400016784668 0.005790598224848509 -0.2927168011665344 0.24694116413593292 0.23551075160503387 4.697999954223633 -0.21595795452594757 -0.2337554544210434 0.28023120760917664 6.015500068664551 1.3416999578475952 5.133999824523926 0.22996483743190765 3.0820000171661377 1.173799991607666 -2.581376552581787 0.5649906396865845 2677.77001953125 2025_02_18_15:38:00 -4927.763671875
0.09369605034589767 -0.2075270116329193 6.0279998779296875 0.04554564878344536 0.141339510679245 6.77400016784668 0.005790598224848509 -0.2927168011665344 0.24694116413593292 0.23551075160503387 4.697999954223633 -0.21595795452594757 -0.2337554544210434 0.28023120760917664 6.015500068664551 1.3416999578475952 5.133999824523926 0.22996483743190765 3.0820000171661377 1.173799991607666 -2.935548782348633 0.5504776835441589 2677.77001953125 2025_02_18_15:38:01 -5138.530517578125
0.09369605034589767 -0.2075270116329193 6.0279998779296875 0.04554564878344536 0.141339510679245 6.77400016784668 0.005790598224848509 -0.2927168011665344 0.24694116413593292 0.23551075160503387 4.697999954223633 -0.21595795452594757 -0.2337554544210434 0.28023120760917664 6.015500068664551 1.3416999578475952 5.133999824523926 0.22996483743190765 3.0820000171661377 1.173799991607666 -3.2461349964141846 0.5770806074142456 2678.8798828125 2025_02_18_15:38:01 -5344.181884765625
0.1054116040468216 -0.19492515921592712 6.0279998779296875 0.04809170588850975 0.1583734005689621 6.77400016784668 0.01126992516219616 -0.3064415454864502 0.2537674605846405 0.3315581679344177 4.697999954223633 -0.2015523761510849 -0.2900168001651764 0.2812795341014862 6.015500068664551 1.3416999578475952 5.133999824523926 0.2456970363855362 3.0820000171661377 1.173799991607666 -3.5668981075286865 0.598849892616272 2682.780029296875 2025_02_18_15:38:01 -5549.263671875
0.1054116040468216 -0.19492515921592712 6.0279998779296875 0.04809170588850975 0.1583734005689621 6.77400016784668 0.01126992516219616 -0.3064415454864502 0.2537674605846405 0.3315581679344177 4.697999954223633 -0.2015523761510849 -0.2900168001651764 0.2812795341014862 6.015500068664551 1.3416999578475952 5.133999824523926 0.2456970363855362 3.0820000171661377 1.173799991607666 -3.852156639099121 0.6748602390289307 2684.070068359375 2025_02_18_15:38:01 -5753.666015625
0.1054116040468216 -0.19492515921592712 6.0279998779296875 0.04809170588850975 0.1583734005689621 6.77400016784668 0.01126992516219616 -0.3064415454864502 0.2537674605846405 0.3315581679344177 4.697999954223633 -0.2015523761510849 -0.2900168001651764 0.2812795341014862 6.015500068664551 1.3416999578475952 5.133999824523926 0.2456970363855362 3.0820000171661377 1.173799991607666 -4.086197376251221 0.7004626989364624 2684.169921875 2025_02_18_15:38:02 -5956.173583984375
0.09825002402067184 -0.19183897972106934 6.0279998779296875 0.011407660320401192 0.14477266371250153 6.77400016784668 0.07403480261564255 -0.3933367133140564 0.11731504648923874 0.2731243968009949 4.697999954223633 -0.23668573796749115 -0.1306312084197998 0.35603228211402893 6.015500068664551 1.3416999578475952 5.133999824523926 0.21909070014953613 3.0820000171661377 1.173799991607666 -4.459277153015137 0.7793843746185303 2687.0 2025_02_18_15:38:02 -6162.8662109375
0.09825002402067184 -0.19183897972106934 6.0279998779296875 0.011407660320401192 0.14477266371250153 6.77400016784668 0.07403480261564255 -0.3933367133140564 0.11731504648923874 0.2731243968009949 4.697999954223633 -0.23668573796749115 -0.1306312084197998 0.35603228211402893 6.015500068664551 1.3416999578475952 5.133999824523926 0.21909070014953613 3.0820000171661377 1.173799991607666 -4.188721179962158 1.0735383033752441 2684.820068359375 2025_02_18_15:38:02 -6375.15185546875
0.09825002402067184 -0.19183897972106934 6.0279998779296875 0.011407660320401192 0.14477266371250153 6.77400016784668 0.07403480261564255 -0.3933367133140564 0.11731504648923874 0.2731243968009949 4.697999954223633 -0.23668573796749115 -0.1306312084197998 0.35603228211402893 6.015500068664551 1.3416999578475952 5.133999824523926 0.21909070014953613 3.0820000171661377 1.173799991607666 -3.4125616550445557 1.6726611852645874 2683.81005859375 2025_02_18_15:38:02 -6582.963623046875
0.10669229924678802 -0.1941181868314743 6.0279998779296875 0.04178636521100998 0.1068340614438057 6.77400016784668 0.04194111004471779 -0.35084834694862366 0.13825489580631256 0.2450980246067047 4.697999954223633 -0.14228996634483337 -0.24801336228847504 0.32074153423309326 6.015500068664551 1.3416999578475952 5.133999824523926 0.06264908611774445 3.0820000171661377 1.173799991607666 -3.249130964279175 1.6752676963806152 2680.860107421875 2025_02_18_15:38:02 -6790.319580078125
0.10669229924678802 -0.1941181868314743 6.0279998779296875 0.04178636521100998 0.1068340614438057 6.77400016784668 0.04194111004471779 -0.35084834694862366 0.13825489580631256 0.2450980246067047 4.697999954223633 -0.14228996634483337 -0.24801336228847504 0.32074153423309326 6.015500068664551 1.3416999578475952 5.133999824523926 0.06264908611774445 3.0820000171661377 1.173799991607666 -3.1900885105133057 1.6629794836044312 2678.760009765625 2025_02_18_15:38:03 -7007.62939453125
0.10669229924678802 -0.1941181868314743 6.0279998779296875 0.04178636521100998 0.1068340614438057 6.77400016784668 0.04194111004471779 -0.35084834694862366 0.13825489580631256 0.2450980246067047 4.697999954223633 -0.14228996634483337 -0.24801336228847504 0.32074153423309326 6.015500068664551 1.3416999578475952 5.133999824523926 0.06264908611774445 3.0820000171661377 1.173799991607666 -3.105217933654785 1.6384700536727905 2675.43994140625 2025_02_18_15:38:03 -7219.4658203125
0.10130167752504349 -0.20520059764385223 6.0279998779296875 0.035416632890701294 0.0910973995923996 6.77400016784668 0.05361185595393181 -0.308214396238327 0.19643010199069977 0.2096397876739502 4.697999954223633 -0.23348987102508545 -0.20658057928085327 0.4208522140979767 6.015500068664551 1.3416999578475952 5.133999824523926 0.20000289380550385 3.0820000171661377 1.173799991607666 -3.105217933654785 1.6384700536727905 2675.43994140625 2025_02_18_15:38:03 -7425.226806640625
0.10130167752504349 -0.20520059764385223 6.0279998779296875 0.035416632890701294 0.0910973995923996 6.77400016784668 0.05361185595393181 -0.308214396238327 0.19643010199069977 0.2096397876739502 4.697999954223633 -0.23348987102508545 -0.20658057928085327 0.4208522140979767 6.015500068664551 1.3416999578475952 5.133999824523926 0.20000289380550385 3.0820000171661377 1.173799991607666 -2.6655380725860596 1.6138675212860107 2669.5400390625 2025_02_18_15:38:03 -7640.206298828125
0.10130167752504349 -0.20520059764385223 6.0279998779296875 0.035416632890701294 0.0910973995923996 6.77400016784668 0.05361185595393181 -0.308214396238327 0.19643010199069977 0.2096397876739502 4.697999954223633 -0.23348987102508545 -0.20658057928085327 0.4208522140979767 6.015500068664551 1.3416999578475952 5.133999824523926 0.20000289380550385 3.0820000171661377 1.173799991607666 -2.445070266723633 1.5953567028045654 2667.780029296875 2025_02_18_15:38:03 -7853.18505859375
