1MXY1_Y 1MXY1_X 1MS1 1MXY2_Y 1MXY2_X 1MS2 1MXY3_Y 1MXY3_X 1MXY4_Y 1MXY4_X 1MS3 1MXY5_Y 1MXY5_X 1MXY6_Y 1MS4 1MS5 1MS6 1MQ71_X 1MS7 1MS8 1BPM3_X 1BPM3_Y 1BPM3_SUM time milliseconds
0.13439999520778656 -0.1793999969959259 6.0279998779296875 0.013799999840557575 0.052799999713897705 6.77400016784668 -0.006599999964237213 -0.2874000072479248 0.14399999380111694 0.18719999492168427 4.697999954223633 -0.1979999989271164 -0.14589999616146088 0.3878999948501587 6.015500068664551 1.3416999578475952 5.133999824523926 0.2770000100135803 3.0820000171661377 1.173799991607666 -4.419051170349121 2.4433445930480957 2638.04345703125 2025_02_18_15:25:52 -237.597900390625
0.13439999520778656 -0.1793999969959259 6.0279998779296875 0.013799999840557575 0.052799999713897705 6.77400016784668 -0.006599999964237213 -0.2874000072479248 0.14399999380111694 0.18719999492168427 4.697999954223633 -0.1979999989271164 -0.14589999616146088 0.3878999948501587 6.015500068664551 1.3416999578475952 5.133999824523926 0.2770000100135803 3.0820000171661377 1.173799991607666 -4.435046195983887 2.4563820362091064 2635.56005859375 2025_02_18_15:25:53 -1194.4453125
0.13439999520778656 -0.1793999969959259 6.0279998779296875 0.013799999840557575 0.052799999713897705 6.77400016784668 -0.006599999964237213 -0.2874000072479248 0.14399999380111694 0.18719999492168427 4.697999954223633 -0.1979999989271164 -0.14589999616146088 0.3878999948501587 6.015500068664551 1.3416999578475952 5.133999824523926 0.2770000100135803 3.0820000171661377 1.173799991607666 -4.445788860321045 2.463411808013916 2634.115478515625 2025_02_18_15:25:54 -1900.12548828125
0.13439999520778656 -0.1793999969959259 6.0279998779296875 0.013799999840557575 0.052799999713897705 6.77400016784668 -0.006599999964237213 -0.2874000072479248 0.14399999380111694 0.18719999492168427 4.697999954223633 -0.1979999989271164 -0.14589999616146088 0.3878999948501587 6.015500068664551 1.3416999578475952 5.133999824523926 0.2770000100135803 3.0820000171661377 1.173799991607666 -4.455476760864258 2.4696621894836426 2632.5556640625 2025_02_18_15:25:55 -2706.69873046875
0.13439999520778656 -0.1793999969959259 6.0279998779296875 0.013799999840557575 0.052799999713897705 6.77400016784668 -0.006599999964237213 -0.2874000072479248 0.14399999380111694 0.18719999492168427 4.697999954223633 -0.1979999989271164 -0.14589999616146088 0.3878999948501587 6.015500068664551 1.3416999578475952 5.133999824523926 0.2770000100135803 3.0820000171661377 1.173799991607666 -4.455185413360596 2.4726717472076416 2632.392822265625 2025_02_18_15:25:55 -3311.10693359375
0.13439999520778656 -0.1793999969959259 6.0279998779296875 0.013799999840557575 0.052799999713897705 6.77400016784668 -0.006599999964237213 -0.2874000072479248 0.14399999380111694 0.18719999492168427 4.697999954223633 -0.1979999989271164 -0.14589999616146088 0.3878999948501587 6.015500068664551 1.3416999578475952 5.133999824523926 0.2770000100135803 3.0820000171661377 1.173799991607666 -4.463875770568848 2.4755489826202393 2630.533447265625 2025_02_18_15:25:57 -4720.97119140625
0.13439999520778656 -0.1793999969959259 6.0279998779296875 0.013799999840557575 0.052799999713897705 6.77400016784668 -0.006599999964237213 -0.2874000072479248 0.14399999380111694 0.18719999492168427 4.697999954223633 -0.1979999989271164 -0.14589999616146088 0.3878999948501587 6.015500068664551 1.3416999578475952 5.133999824523926 0.2770000100135803 3.0820000171661377 1.173799991607666 -4.467587471008301 2.4785006046295166 2630.129150390625 2025_02_18_15:25:58 -5425.946533203125
0.13439999520778656 -0.1793999969959259 6.0279998779296875 0.013799999840557575 0.052799999713897705 6.77400016784668 -0.006599999964237213 -0.2874000072479248 0.14399999380111694 0.18719999492168427 4.697999954223633 -0.1979999989271164 -0.14589999616146088 0.3878999948501587 6.015500068664551 1.3416999578475952 5.133999824523926 0.2770000100135803 3.0820000171661377 1.173799991607666 -4.472160339355469 2.4635696411132812 2629.59375 2025_02_18_15:25:58 -6230.777099609375
0.13439999520778656 -0.1793999969959259 6.0279998779296875 0.013799999840557575 0.052799999713897705 6.77400016784668 -0.006599999964237213 -0.2874000072479248 0.14399999380111694 0.18719999492168427 4.697999954223633 -0.1979999989271164 -0.14589999616146088 0.3878999948501587 6.015500068664551 1.3416999578475952 5.133999824523926 0.2770000100135803 3.0820000171661377 1.173799991607666 -4.477523326873779 2.466522693634033 2628.911865234375 2025_02_18_15:26:00 -7640.556884765625
0.13439999520778656 -0.1793999969959259 6.0279998779296875 0.013799999840557575 0.052799999713897705 6.77400016784668 -0.006599999964237213 -0.2874000072479248 0.14399999380111694 0.18719999492168427 4.697999954223633 -0.1979999989271164 -0.14589999616146088 0.3878999948501587 6.015500068664551 1.3416999578475952 5.133999824523926 0.2770000100135803 3.0820000171661377 1.173799991607666 -4.4795918464660645 2.461320638656616 2630.085693359375 2025_02_18_15:26:01 -8446.848388671875
0.13439999520778656 -0.1793999969959259 6.0279998779296875 0.013799999840557575 0.052799999713897705 6.77400016784668 -0.006599999964237213 -0.2874000072479248 0.14399999380111694 0.18719999492168427 4.697999954223633 -0.1979999989271164 -0.14589999616146088 0.3878999948501587 6.015500068664551 1.3416999578475952 5.133999824523926 0.2770000100135803 3.0820000171661377 1.173799991607666 -4.484243392944336 2.4654321670532227 2630.083251953125 2025_02_18_15:26:01 -9253.067626953125
0.13439999520778656 -0.1793999969959259 6.0279998779296875 0.013799999840557575 0.052799999713897705 6.77400016784668 -0.006599999964237213 -0.2874000072479248 0.14399999380111694 0.18719999492168427 4.697999954223633 -0.1979999989271164 -0.14589999616146088 0.3878999948501587 6.015500068664551 1.3416999578475952 5.133999824523926 0.2770000100135803 3.0820000171661377 1.173799991607666 -4.487537860870361 2.4690940380096436 2629.54052734375 2025_02_18_15:26:02 -9858.15234375
0.13439999520778656 -0.1793999969959259 6.0279998779296875 0.013799999840557575 0.052799999713897705 6.77400016784668 -0.006599999964237213 -0.2874000072479248 0.14399999380111694 0.18719999492168427 4.697999954223633 -0.1979999989271164 -0.14589999616146088 0.3878999948501587 6.015500068664551 1.3416999578475952 5.133999824523926 0.2770000100135803 3.0820000171661377 1.173799991607666 -4.491659164428711 2.471721887588501 2628.5 2025_02_18_15:26:03 -10563.414794921875
0.13439999520778656 -0.1793999969959259 6.0279998779296875 0.013799999840557575 0.052799999713897705 6.77400016784668 -0.006599999964237213 -0.2874000072479248 0.14399999380111694 0.18719999492168427 4.697999954223633 -0.1979999989271164 -0.14589999616146088 0.3878999948501587 6.015500068664551 1.3416999578475952 5.133999824523926 0.2770000100135803 3.0820000171661377 1.173799991607666 -4.493202209472656 2.469248056411743 2629.1025390625 2025_02_18_15:26:03 -11369.83349609375
0.13439999520778656 -0.1793999969959259 6.0279998779296875 0.013799999840557575 0.052799999713897705 6.77400016784668 -0.006599999964237213 -0.2874000072479248 0.14399999380111694 0.18719999492168427 4.697999954223633 -0.1979999989271164 -0.14589999616146088 0.3878999948501587 6.015500068664551 1.3416999578475952 5.133999824523926 0.2770000100135803 3.0820000171661377 1.173799991607666 -4.5102643966674805 2.458970546722412 2629.0 2025_02_18_15:26:04 -11975.4287109375
0.13439999520778656 -0.1793999969959259 6.0279998779296875 0.013799999840557575 0.052799999713897705 6.77400016784668 -0.006599999964237213 -0.2874000072479248 0.14399999380111694 0.18719999492168427 4.697999954223633 -0.1979999989271164 -0.14589999616146088 0.3878999948501587 6.015500068664551 1.3416999578475952 5.133999824523926 0.2770000100135803 3.0820000171661377 1.173799991607666 -4.520618915557861 2.463742256164551 2629.55810546875 2025_02_18_15:26:06 -14194.40625
0.13439999520778656 -0.1793999969959259 6.0279998779296875 0.013799999840557575 0.052799999713897705 6.77400016784668 -0.006599999964237213 -0.2874000072479248 0.14399999380111694 0.18719999492168427 4.697999954223633 -0.1979999989271164 -0.14589999616146088 0.3878999948501587 6.015500068664551 1.3416999578475952 5.133999824523926 0.2770000100135803 3.0820000171661377 1.173799991607666 -4.518949508666992 2.4609129428863525 2630.79541015625 2025_02_18_15:26:07 -15001.560302734375
