1MXY1_Y 1MXY1_X 1MS1 1MXY2_Y 1MXY2_X 1MS2 1MXY3_Y 1MXY3_X 1MXY4_Y 1MXY4_X 1MS3 1MXY5_Y 1MXY5_X 1MXY6_Y 1MS4 1MS5 1MS6 1MQ71_X 1MS7 1MS8 1BPM3_Y 1BPM3_X 1BPM3_SUM time milliseconds
0.04050000011920929 -0.0885000005364418 5.9720001220703125 -0.001500000013038516 0.094200000166893 7.105999946594238 -0.009600000455975533 -0.335999995470047 0.11100000143051147 0.298799991607666 4.5320000648498535 -0.16859999299049377 -0.1860000044107437 0.37400001287460327 4.245999813079834 1.281999945640564 3.2880001068115234 0.07559999823570251 2.0460000038146973 0.0 3.611539840698242 4.442986011505127 1254.510009765625 2025_01_28_19:36:56 -232.348388671875
0.04050000011920929 -0.0885000005364418 5.9720001220703125 -0.001500000013038516 0.094200000166893 7.105999946594238 -0.009600000455975533 -0.335999995470047 0.11100000143051147 0.298799991607666 4.5320000648498535 -0.16859999299049377 -0.1860000044107437 0.37400001287460327 4.245999813079834 1.281999945640564 3.2880001068115234 0.07559999823570251 2.0460000038146973 0.0 3.5707814693450928 4.400876998901367 1257.760009765625 2025_01_28_19:36:57 -1062.1796875
0.04964999854564667 -0.09650000184774399 5.9720001220703125 0.01899999938905239 0.06870000064373016 7.105999946594238 -0.009600000455975533 -0.335999995470047 0.11100000143051147 0.298799991607666 4.5320000648498535 -0.16859999299049377 -0.1860000044107437 0.37400001287460327 4.245999813079834 1.281999945640564 3.2880001068115234 0.07559999823570251 2.0460000038146973 0.0 3.6310243606567383 4.37388801574707 1260.02001953125 2025_01_28_19:36:57 -1265.402099609375
0.04050000011920929 -0.10450000315904617 5.9720001220703125 -0.001500000013038516 0.04320000112056732 7.105999946594238 -0.009600000455975533 -0.335999995470047 0.11100000143051147 0.298799991607666 4.5320000648498535 -0.16859999299049377 -0.1860000044107437 0.37400001287460327 4.245999813079834 1.281999945640564 3.2880001068115234 0.07559999823570251 2.0460000038146973 0.0 3.517228126525879 4.424178123474121 1258.699951171875 2025_01_28_19:36:58 -1468.64990234375
0.04050000011920929 -0.10450000315904617 5.9720001220703125 0.039500001817941666 0.04320000112056732 7.105999946594238 -0.009600000455975533 -0.335999995470047 0.11100000143051147 0.298799991607666 4.5320000648498535 -0.16859999299049377 -0.1860000044107437 0.37400001287460327 4.245999813079834 1.281999945640564 3.2880001068115234 0.07559999823570251 2.0460000038146973 0.0 3.3718864917755127 4.545531272888184 1254.969970703125 2025_01_28_19:36:58 -1671.3740234375
0.04050000011920929 -0.10450000315904617 5.9720001220703125 -0.001500000013038516 0.094200000166893 7.105999946594238 -0.009600000455975533 -0.335999995470047 0.11100000143051147 0.298799991607666 4.5320000648498535 -0.16859999299049377 -0.1860000044107437 0.37400001287460327 4.245999813079834 1.281999945640564 3.2880001068115234 0.07559999823570251 2.0460000038146973 0.0 3.2716224193573 4.546582221984863 1257.6700439453125 2025_01_28_19:36:58 -1874.435546875
0.04050000011920929 -0.10450000315904617 5.9720001220703125 0.039500001817941666 0.094200000166893 7.105999946594238 -0.009600000455975533 -0.335999995470047 0.11100000143051147 0.298799991607666 4.5320000648498535 -0.16859999299049377 -0.1860000044107437 0.37400001287460327 4.245999813079834 1.281999945640564 3.2880001068115234 0.07559999823570251 2.0460000038146973 0.0 3.270320177078247 4.53618049621582 1257.3699951171875 2025_01_28_19:36:58 -2077.40087890625
0.058800000697374344 -0.10450000315904617 5.9720001220703125 -0.001500000013038516 0.04320000112056732 7.105999946594238 -0.009600000455975533 -0.335999995470047 0.11100000143051147 0.298799991607666 4.5320000648498535 -0.16859999299049377 -0.1860000044107437 0.37400001287460327 4.245999813079834 1.281999945640564 3.2880001068115234 0.07559999823570251 2.0460000038146973 0.0 3.2471725940704346 4.487461090087891 1255.8800048828125 2025_01_28_19:36:58 -2280.19140625
0.058800000697374344 -0.10450000315904617 5.9720001220703125 0.039500001817941666 0.04320000112056732 7.105999946594238 -0.009600000455975533 -0.335999995470047 0.11100000143051147 0.298799991607666 4.5320000648498535 -0.16859999299049377 -0.1860000044107437 0.37400001287460327 4.245999813079834 1.281999945640564 3.2880001068115234 0.07559999823570251 2.0460000038146973 0.0 3.3013861179351807 4.507234573364258 1254.1400146484375 2025_01_28_19:36:59 -2482.693115234375
0.058800000697374344 -0.10450000315904617 5.9720001220703125 -0.001500000013038516 0.094200000166893 7.105999946594238 -0.009600000455975533 -0.335999995470047 0.11100000143051147 0.298799991607666 4.5320000648498535 -0.16859999299049377 -0.1860000044107437 0.37400001287460327 4.245999813079834 1.281999945640564 3.2880001068115234 0.07559999823570251 2.0460000038146973 0.0 3.3462789058685303 4.469216823577881 1255.489990234375 2025_01_28_19:36:59 -2685.675048828125
0.04050000011920929 -0.0885000005364418 5.9720001220703125 -0.001500000013038516 0.04320000112056732 7.105999946594238 -0.009600000455975533 -0.335999995470047 0.11100000143051147 0.298799991607666 4.5320000648498535 -0.16859999299049377 -0.1860000044107437 0.37400001287460327 4.245999813079834 1.281999945640564 3.2880001068115234 0.07559999823570251 2.0460000038146973 0.0 3.4361116886138916 4.453646659851074 1252.56005859375 2025_01_28_19:36:59 -3093.0751953125
0.04050000011920929 -0.0885000005364418 5.9720001220703125 0.039500001817941666 0.04320000112056732 7.105999946594238 -0.009600000455975533 -0.335999995470047 0.11100000143051147 0.298799991607666 4.5320000648498535 -0.16859999299049377 -0.1860000044107437 0.37400001287460327 4.245999813079834 1.281999945640564 3.2880001068115234 0.07559999823570251 2.0460000038146973 0.0 3.413989305496216 4.6104021072387695 1249.8699951171875 2025_01_28_19:36:59 -3296.2548828125
0.04050000011920929 -0.0885000005364418 5.9720001220703125 -0.001500000013038516 0.094200000166893 7.105999946594238 -0.009600000455975533 -0.335999995470047 0.11100000143051147 0.298799991607666 4.5320000648498535 -0.16859999299049377 -0.1860000044107437 0.37400001287460327 4.245999813079834 1.281999945640564 3.2880001068115234 0.07559999823570251 2.0460000038146973 0.0 3.423851251602173 4.613826751708984 1249.75 2025_01_28_19:37:00 -3499.775390625
0.04050000011920929 -0.0885000005364418 5.9720001220703125 0.039500001817941666 0.094200000166893 7.105999946594238 -0.009600000455975533 -0.335999995470047 0.11100000143051147 0.298799991607666 4.5320000648498535 -0.16859999299049377 -0.1860000044107437 0.37400001287460327 4.245999813079834 1.281999945640564 3.2880001068115234 0.07559999823570251 2.0460000038146973 0.0 3.5099997520446777 4.630317211151123 1248.8800048828125 2025_01_28_19:37:00 -3703.201416015625
0.058800000697374344 -0.0885000005364418 5.9720001220703125 -0.001500000013038516 0.04320000112056732 7.105999946594238 -0.009600000455975533 -0.335999995470047 0.11100000143051147 0.298799991607666 4.5320000648498535 -0.16859999299049377 -0.1860000044107437 0.37400001287460327 4.245999813079834 1.281999945640564 3.2880001068115234 0.07559999823570251 2.0460000038146973 0.0 3.5662033557891846 4.609744548797607 1248.469970703125 2025_01_28_19:37:00 -3905.94384765625
0.058800000697374344 -0.0885000005364418 5.9720001220703125 0.039500001817941666 0.04320000112056732 7.105999946594238 -0.009600000455975533 -0.335999995470047 0.11100000143051147 0.298799991607666 4.5320000648498535 -0.16859999299049377 -0.1860000044107437 0.37400001287460327 4.245999813079834 1.281999945640564 3.2880001068115234 0.07559999823570251 2.0460000038146973 0.0 3.6745150089263916 4.630984306335449 1250.280029296875 2025_01_28_19:37:00 -4108.689453125
0.058800000697374344 -0.0885000005364418 5.9720001220703125 -0.001500000013038516 0.094200000166893 7.105999946594238 -0.009600000455975533 -0.335999995470047 0.11100000143051147 0.298799991607666 4.5320000648498535 -0.16859999299049377 -0.1860000044107437 0.37400001287460327 4.245999813079834 1.281999945640564 3.2880001068115234 0.07559999823570251 2.0460000038146973 0.0 3.718517780303955 4.597044467926025 1250.9100341796875 2025_01_28_19:37:00 -4312.058349609375
0.058800000697374344 -0.0885000005364418 5.9720001220703125 0.039500001817941666 0.094200000166893 7.105999946594238 -0.009600000455975533 -0.335999995470047 0.11100000143051147 0.298799991607666 4.5320000648498535 -0.16859999299049377 -0.1860000044107437 0.37400001287460327 4.245999813079834 1.281999945640564 3.2880001068115234 0.07559999823570251 2.0460000038146973 0.0 3.993539333343506 4.511679172515869 1252.9000244140625 2025_01_28_19:37:01 -4515.248046875
0.10460102558135986 -0.18398885428905487 5.9720001220703125 0.020330090075731277 0.13737013936042786 7.105999946594238 -0.009600000455975533 -0.335999995470047 0.11100000143051147 0.298799991607666 4.5320000648498535 -0.16859999299049377 -0.1860000044107437 0.37400001287460327 4.245999813079834 1.281999945640564 3.2880001068115234 0.07559999823570251 2.0460000038146973 0.0 4.586554050445557 0.30463990569114685 1257.510009765625 2025_01_28_19:37:04 -8169.283203125
0.10460114479064941 -0.18398885428905487 5.9720001220703125 0.020330239087343216 0.1373693197965622 7.105999946594238 -0.009600000455975533 -0.335999995470047 0.11100000143051147 0.298799991607666 4.5320000648498535 -0.16859999299049377 -0.1860000044107437 0.37400001287460327 4.245999813079834 1.281999945640564 3.2880001068115234 0.07559999823570251 2.0460000038146973 0.0 3.7034752368927 -2.2422726154327393 1237.3299560546875 2025_01_28_19:37:05 -9241.174072265625
0.08100000023841858 -0.18936437368392944 5.9720001220703125 0.020329982042312622 0.188400000333786 7.105999946594238 -0.009600000455975533 -0.335999995470047 0.11100000143051147 0.298799991607666 4.5320000648498535 -0.16859999299049377 -0.1860000044107437 0.37400001287460327 4.245999813079834 1.281999945640564 3.2880001068115234 0.07559999823570251 2.0460000038146973 0.0 3.3535637855529785 -2.6171822547912598 1239.1800537109375 2025_01_28_19:37:07 -11204.39990234375
0.08111489564180374 -0.20582672953605652 5.9720001220703125 0.019719479605555534 0.18790891766548157 7.105999946594238 -0.009600000455975533 -0.335999995470047 0.11100000143051147 0.298799991607666 4.5320000648498535 -0.16859999299049377 -0.1860000044107437 0.37400001287460327 4.245999813079834 1.281999945640564 3.2880001068115234 0.07559999823570251 2.0460000038146973 0.0 2.9789745807647705 -2.96345853805542 1244.9300537109375 2025_01_28_19:37:08 -12244.551513671875
0.08100000023841858 -0.1770000010728836 5.9720001220703125 0.020344970747828484 0.188400000333786 7.105999946594238 -0.009600000455975533 -0.335999995470047 0.11100000143051147 0.298799991607666 4.5320000648498535 -0.16859999299049377 -0.1860000044107437 0.37400001287460327 4.245999813079834 1.281999945640564 3.2880001068115234 0.07559999823570251 2.0460000038146973 0.0 2.7390084266662598 -3.3107199668884277 1257.3499755859375 2025_01_28_19:37:09 -13261.961181640625
0.08101674914360046 -0.1770000010728836 5.9720001220703125 0.020342275500297546 0.18832165002822876 7.105999946594238 -0.009600000455975533 -0.335999995470047 0.11100000143051147 0.298799991607666 4.5320000648498535 -0.16859999299049377 -0.1860000044107437 0.37400001287460327 4.245999813079834 1.281999945640564 3.2880001068115234 0.07559999823570251 2.0460000038146973 0.0 2.7568776607513428 -3.2156288623809814 1256.6600341796875 2025_01_28_19:37:10 -13883.521728515625
0.08117052167654037 -0.20900000631809235 5.9720001220703125 0.01970895752310753 0.18768034875392914 7.105999946594238 -0.009600000455975533 -0.335999995470047 0.11100000143051147 0.298799991607666 4.5320000648498535 -0.16859999299049377 -0.1860000044107437 0.37400001287460327 4.245999813079834 1.281999945640564 3.2880001068115234 0.07559999823570251 2.0460000038146973 0.0 2.885333299636841 -3.1110687255859375 1253.280029296875 2025_01_28_19:37:12 -16044.911865234375
0.08102597296237946 -0.1770000010728836 5.9720001220703125 0.02034648135304451 0.1882638782262802 7.105999946594238 -0.009600000455975533 -0.335999995470047 0.11100000143051147 0.298799991607666 4.5320000648498535 -0.16859999299049377 -0.1860000044107437 0.37400001287460327 4.245999813079834 1.281999945640564 3.2880001068115234 0.07559999823570251 2.0460000038146973 0.0 2.6785266399383545 -3.184183120727539 1244.050048828125 2025_01_28_19:37:13 -16658.36328125
0.08100000023841858 -0.1770000010728836 5.9720001220703125 0.020348818972706795 0.188400000333786 7.105999946594238 -0.009600000455975533 -0.335999995470047 0.11100000143051147 0.298799991607666 4.5320000648498535 -0.16859999299049377 -0.1860000044107437 0.37400001287460327 4.245999813079834 1.281999945640564 3.2880001068115234 0.07559999823570251 2.0460000038146973 0.0 2.7755303382873535 -3.2398390769958496 1266.31005859375 2025_01_28_19:37:14 -18043.06103515625
0.0811660960316658 -0.20900000631809235 5.9720001220703125 0.01972205378115177 0.18766584992408752 7.105999946594238 -0.009600000455975533 -0.335999995470047 0.11100000143051147 0.298799991607666 4.5320000648498535 -0.16859999299049377 -0.1860000044107437 0.37400001287460327 4.245999813079834 1.281999945640564 3.2880001068115234 0.07559999823570251 2.0460000038146973 0.0 2.8829097747802734 -3.0896637439727783 1258.4599609375 2025_01_28_19:37:15 -18673.784423828125
0.11705494672060013 -0.2056998461484909 5.9720001220703125 0.02043323963880539 0.188400000333786 7.105999946594238 -0.009600000455975533 -0.335999995470047 0.11100000143051147 0.298799991607666 4.5320000648498535 -0.16859999299049377 -0.1860000044107437 0.37400001287460327 4.245999813079834 1.281999945640564 3.2880001068115234 0.07559999823570251 2.0460000038146973 0.0 3.2294092178344727 -4.075597763061523 1270.4000244140625 2025_01_28_19:37:17 -20569.76806640625
0.11760000139474869 -0.1770000010728836 5.9720001220703125 0.07900000363588333 0.08640000224113464 7.105999946594238 -0.009600000455975533 -0.335999995470047 0.11100000143051147 0.298799991607666 4.5320000648498535 -0.16859999299049377 -0.1860000044107437 0.37400001287460327 4.245999813079834 1.281999945640564 3.2880001068115234 0.07559999823570251 2.0460000038146973 0.0 3.3757686614990234 -4.198681831359863 1273.550048828125 2025_01_28_19:37:17 -20899.54931640625
0.08100000023841858 -0.1770000010728836 5.9720001220703125 0.019994519650936127 0.188400000333786 7.105999946594238 -0.009600000455975533 -0.335999995470047 0.11100000143051147 0.298799991607666 4.5320000648498535 -0.16859999299049377 -0.1860000044107437 0.37400001287460327 4.245999813079834 1.281999945640564 3.2880001068115234 0.07559999823570251 2.0460000038146973 0.0 4.491459846496582 -3.6200318336486816 1279.449951171875 2025_01_28_19:37:18 -22344.011474609375
0.08115366101264954 -0.20900000631809235 5.9720001220703125 0.01951044797897339 0.1877071112394333 7.105999946594238 -0.009600000455975533 -0.335999995470047 0.11100000143051147 0.298799991607666 4.5320000648498535 -0.16859999299049377 -0.1860000044107437 0.37400001287460327 4.245999813079834 1.281999945640564 3.2880001068115234 0.07559999823570251 2.0460000038146973 0.0 4.406131744384766 -3.403958320617676 1273.3199462890625 2025_01_28_19:37:19 -22969.062255859375
0.08101268857717514 -0.1770000010728836 5.9720001220703125 0.021753540262579918 0.18808826804161072 7.105999946594238 -0.009600000455975533 -0.335999995470047 0.11100000143051147 0.298799991607666 4.5320000648498535 -0.16859999299049377 -0.1860000044107437 0.37400001287460327 4.245999813079834 1.281999945640564 3.2880001068115234 0.07559999823570251 2.0460000038146973 0.0 3.3026928901672363 -3.1640443801879883 1256.52001953125 2025_01_28_19:37:20 -24420.357666015625
0.08101097494363785 -0.1770000010728836 5.9720001220703125 0.02115183137357235 0.18819113075733185 7.105999946594238 -0.009600000455975533 -0.335999995470047 0.11100000143051147 0.298799991607666 4.5320000648498535 -0.16859999299049377 -0.1860000044107437 0.37400001287460327 4.245999813079834 1.281999945640564 3.2880001068115234 0.07559999823570251 2.0460000038146973 0.0 2.9894073009490967 -3.2094826698303223 1251.6199951171875 2025_01_28_19:37:21 -25095.124755859375
0.08102820068597794 -0.1770000010728836 5.9720001220703125 0.021638434380292892 0.18813344836235046 7.105999946594238 -0.009600000455975533 -0.335999995470047 0.11100000143051147 0.298799991607666 4.5320000648498535 -0.16859999299049377 -0.1860000044107437 0.37400001287460327 4.245999813079834 1.281999945640564 3.2880001068115234 0.07559999823570251 2.0460000038146973 0.0 3.319821834564209 -3.0394883155822754 1263.0699462890625 2025_01_28_19:37:22 -26155.110107421875
0.08101903647184372 -0.1770000010728836 5.9720001220703125 0.021021930500864983 0.18820820748806 7.105999946594238 -0.009600000455975533 -0.335999995470047 0.11100000143051147 0.298799991607666 4.5320000648498535 -0.16859999299049377 -0.1860000044107437 0.37400001287460327 4.245999813079834 1.281999945640564 3.2880001068115234 0.07559999823570251 2.0460000038146973 0.0 3.6280367374420166 -2.9695076942443848 1270.2099609375 2025_01_28_19:37:23 -26997.526611328125
0.08100000023841858 -0.1770000010728836 5.9720001220703125 0.02034037932753563 0.1883300095796585 7.105999946594238 -0.009600000455975533 -0.335999995470047 0.11100000143051147 0.298799991607666 4.5320000648498535 -0.16859999299049377 -0.1860000044107437 0.37400001287460327 4.245999813079834 1.281999945640564 3.2880001068115234 0.07559999823570251 2.0460000038146973 0.0 3.6852006912231445 -3.0149190425872803 1270.4300537109375 2025_01_28_19:37:24 -27980.28125
0.08101058751344681 -0.1770000010728836 5.9720001220703125 0.02144525572657585 0.1881994754076004 7.105999946594238 -0.009600000455975533 -0.335999995470047 0.11100000143051147 0.298799991607666 4.5320000648498535 -0.16859999299049377 -0.1860000044107437 0.37400001287460327 4.245999813079834 1.281999945640564 3.2880001068115234 0.07559999823570251 2.0460000038146973 0.0 3.6476049423217773 -3.031416416168213 1265.9200439453125 2025_01_28_19:37:25 -28800.970703125
0.10460102558135986 -0.18398885428905487 5.9720001220703125 0.020330090075731277 0.13737013936042786 7.105999946594238 -0.009600000455975533 -0.335999995470047 0.11100000143051147 0.298799991607666 4.5320000648498535 -0.16859999299049377 -0.1860000044107437 0.37400001287460327 4.245999813079834 1.281999945640564 3.2880001068115234 0.07559999823570251 2.0460000038146973 0.0 3.6543045043945312 -3.017850637435913 1264.68994140625 2025_01_28_19:37:25 -29028.70068359375
