1MXY1_Y 1MXY1_X 1MS1 1MXY2_Y 1MXY2_X 1MS2 1MXY3_Y 1MXY3_X 1MXY4_Y 1MXY4_X 1MS3 1MXY5_Y 1MXY5_X 1MXY6_Y 1MS4 1MS5 1MS6 1MQ71_X 1MS7 1MS8 1BPM3_Y 1BPM3_X 1BPM3_SUM time milliseconds
-0.04320000112056732 0.03180000185966492 5.9720001220703125 -0.008999999612569809 0.06960000097751617 7.105999946594238 -0.009600000455975533 -0.335999995470047 0.11100000143051147 0.298799991607666 4.5320000648498535 -0.16859999299049377 -0.1860000044107437 0.37400001287460327 4.245999813079834 1.281999945640564 3.2880001068115234 0.07559999823570251 2.0460000038146973 0.0 4.4444661140441895 6.2164082527160645 687.1099853515625 2025_01_28_19:25:34 -236.96240234375
-0.04320000112056732 0.03180000185966492 5.9720001220703125 -0.008999999612569809 0.06960000097751617 7.105999946594238 -0.009600000455975533 -0.335999995470047 0.11100000143051147 0.298799991607666 4.5320000648498535 -0.16859999299049377 -0.1860000044107437 0.37400001287460327 4.245999813079834 1.281999945640564 3.2880001068115234 0.07559999823570251 2.0460000038146973 0.0 4.709755897521973 6.163424491882324 679.6199951171875 2025_01_28_19:25:35 -1041.96923828125
0.04964999854564667 -0.09650000184774399 5.9720001220703125 -0.008999999612569809 0.06960000097751617 7.105999946594238 -0.009600000455975533 -0.335999995470047 0.11100000143051147 0.298799991607666 4.5320000648498535 -0.16859999299049377 -0.1860000044107437 0.37400001287460327 4.245999813079834 1.281999945640564 3.2880001068115234 0.07559999823570251 2.0460000038146973 0.0 4.725480556488037 6.212017059326172 677.989990234375 2025_01_28_19:25:35 -1245.241943359375
0.04050000011920929 -0.10450000315904617 5.9720001220703125 -0.008999999612569809 0.06960000097751617 7.105999946594238 -0.009600000455975533 -0.335999995470047 0.11100000143051147 0.298799991607666 4.5320000648498535 -0.16859999299049377 -0.1860000044107437 0.37400001287460327 4.245999813079834 1.281999945640564 3.2880001068115234 0.07559999823570251 2.0460000038146973 0.0 4.535285472869873 6.319973945617676 703.969970703125 2025_01_28_19:25:35 -1447.761474609375
0.058800000697374344 -0.10450000315904617 5.9720001220703125 -0.008999999612569809 0.06960000097751617 7.105999946594238 -0.009600000455975533 -0.335999995470047 0.11100000143051147 0.298799991607666 4.5320000648498535 -0.16859999299049377 -0.1860000044107437 0.37400001287460327 4.245999813079834 1.281999945640564 3.2880001068115234 0.07559999823570251 2.0460000038146973 0.0 4.312238693237305 6.265478134155273 741.9099731445312 2025_01_28_19:25:36 -1650.398193359375
0.04050000011920929 -0.0885000005364418 5.9720001220703125 -0.008999999612569809 0.06960000097751617 7.105999946594238 -0.009600000455975533 -0.335999995470047 0.11100000143051147 0.298799991607666 4.5320000648498535 -0.16859999299049377 -0.1860000044107437 0.37400001287460327 4.245999813079834 1.281999945640564 3.2880001068115234 0.07559999823570251 2.0460000038146973 0.0 4.081864356994629 6.264009952545166 776.5900268554688 2025_01_28_19:25:36 -1853.073974609375
0.058800000697374344 -0.0885000005364418 5.9720001220703125 -0.008999999612569809 0.06960000097751617 7.105999946594238 -0.009600000455975533 -0.335999995470047 0.11100000143051147 0.298799991607666 4.5320000648498535 -0.16859999299049377 -0.1860000044107437 0.37400001287460327 4.245999813079834 1.281999945640564 3.2880001068115234 0.07559999823570251 2.0460000038146973 0.0 3.8630592823028564 6.306309223175049 807.4600219726562 2025_01_28_19:25:36 -2055.67236328125
0.09542272984981537 -0.19139038026332855 5.9720001220703125 -0.008999999612569809 0.06960000097751617 7.105999946594238 -0.009600000455975533 -0.335999995470047 0.11100000143051147 0.298799991607666 4.5320000648498535 -0.16859999299049377 -0.1860000044107437 0.37400001287460327 4.245999813079834 1.281999945640564 3.2880001068115234 0.07559999823570251 2.0460000038146973 0.0 1.8018066883087158 3.5251822471618652 1210.8800048828125 2025_01_28_19:25:39 -5121.073486328125
0.09542300552129745 -0.19139036536216736 5.9720001220703125 -0.008999999612569809 0.06960000097751617 7.105999946594238 -0.009600000455975533 -0.335999995470047 0.11100000143051147 0.298799991607666 4.5320000648498535 -0.16859999299049377 -0.1860000044107437 0.37400001287460327 4.245999813079834 1.281999945640564 3.2880001068115234 0.07559999823570251 2.0460000038146973 0.0 1.6803078651428223 2.1755058765411377 1220.1700439453125 2025_01_28_19:25:40 -5757.708984375
0.09543796628713608 -0.1915489137172699 5.9720001220703125 -0.008999999612569809 0.06960000097751617 7.105999946594238 -0.009600000455975533 -0.335999995470047 0.11100000143051147 0.298799991607666 4.5320000648498535 -0.16859999299049377 -0.1860000044107437 0.37400001287460327 4.245999813079834 1.281999945640564 3.2880001068115234 0.07559999823570251 2.0460000038146973 0.0 1.4157565832138062 0.12313549220561981 1231.6199951171875 2025_01_28_19:25:41 -7194.6142578125
0.09544175118207932 -0.19164419174194336 5.9720001220703125 -0.008999999612569809 0.06960000097751617 7.105999946594238 -0.009600000455975533 -0.335999995470047 0.11100000143051147 0.298799991607666 4.5320000648498535 -0.16859999299049377 -0.1860000044107437 0.37400001287460327 4.245999813079834 1.281999945640564 3.2880001068115234 0.07559999823570251 2.0460000038146973 0.0 1.3954566717147827 0.13109852373600006 1230.75 2025_01_28_19:25:42 -7788.218994140625
0.09547780454158783 -0.19187527894973755 5.9720001220703125 -0.008999999612569809 0.06960000097751617 7.105999946594238 -0.009600000455975533 -0.335999995470047 0.11100000143051147 0.298799991607666 4.5320000648498535 -0.16859999299049377 -0.1860000044107437 0.37400001287460327 4.245999813079834 1.281999945640564 3.2880001068115234 0.07559999823570251 2.0460000038146973 0.0 1.3891862630844116 0.1030397042632103 1228.699951171875 2025_01_28_19:25:43 -8935.856689453125
0.09549063444137573 -0.19204038381576538 5.9720001220703125 -0.008999999612569809 0.06960000097751617 7.105999946594238 -0.009600000455975533 -0.335999995470047 0.11100000143051147 0.298799991607666 4.5320000648498535 -0.16859999299049377 -0.1860000044107437 0.37400001287460327 4.245999813079834 1.281999945640564 3.2880001068115234 0.07559999823570251 2.0460000038146973 0.0 1.367832064628601 0.12120147794485092 1232.0999755859375 2025_01_28_19:25:43 -9487.0390625
0.09552330523729324 -0.19229836761951447 5.9720001220703125 -0.008999999612569809 0.06960000097751617 7.105999946594238 -0.009600000455975533 -0.335999995470047 0.11100000143051147 0.298799991607666 4.5320000648498535 -0.16859999299049377 -0.1860000044107437 0.37400001287460327 4.245999813079834 1.281999945640564 3.2880001068115234 0.07559999823570251 2.0460000038146973 0.0 1.384455680847168 0.09790413081645966 1229.760009765625 2025_01_28_19:25:44 -10491.162109375
0.09550631046295166 -0.19251258671283722 5.9720001220703125 -0.008999999612569809 0.06960000097751617 7.105999946594238 -0.009600000455975533 -0.335999995470047 0.11100000143051147 0.298799991607666 4.5320000648498535 -0.16859999299049377 -0.1860000044107437 0.37400001287460327 4.245999813079834 1.281999945640564 3.2880001068115234 0.07559999823570251 2.0460000038146973 0.0 1.355617880821228 0.08067590743303299 1231.1800537109375 2025_01_28_19:25:45 -11089.827880859375
0.09551873058080673 -0.19280700385570526 5.9720001220703125 -0.008999999612569809 0.06960000097751617 7.105999946594238 -0.009600000455975533 -0.335999995470047 0.11100000143051147 0.298799991607666 4.5320000648498535 -0.16859999299049377 -0.1860000044107437 0.37400001287460327 4.245999813079834 1.281999945640564 3.2880001068115234 0.07559999823570251 2.0460000038146973 0.0 1.338066577911377 0.05881763622164726 1233.3299560546875 2025_01_28_19:25:46 -12156.294677734375
0.09552920609712601 -0.19307559728622437 5.9720001220703125 -0.008999999612569809 0.06960000097751617 7.105999946594238 -0.009600000455975533 -0.335999995470047 0.11100000143051147 0.298799991607666 4.5320000648498535 -0.16859999299049377 -0.1860000044107437 0.37400001287460327 4.245999813079834 1.281999945640564 3.2880001068115234 0.07559999823570251 2.0460000038146973 0.0 1.3483331203460693 0.03739915043115616 1233.3599853515625 2025_01_28_19:25:47 -12845.810302734375
0.09553457796573639 -0.1934152990579605 5.9720001220703125 -0.008999999612569809 0.06960000097751617 7.105999946594238 -0.009600000455975533 -0.335999995470047 0.11100000143051147 0.298799991607666 4.5320000648498535 -0.16859999299049377 -0.1860000044107437 0.37400001287460327 4.245999813079834 1.281999945640564 3.2880001068115234 0.07559999823570251 2.0460000038146973 0.0 1.2837426662445068 0.0036257088650017977 1238.8199462890625 2025_01_28_19:25:48 -13924.37548828125
0.09554442018270493 -0.19375227391719818 5.9720001220703125 -0.008999999612569809 0.06960000097751617 7.105999946594238 -0.009600000455975533 -0.335999995470047 0.11100000143051147 0.298799991607666 4.5320000648498535 -0.16859999299049377 -0.1860000044107437 0.37400001287460327 4.245999813079834 1.281999945640564 3.2880001068115234 0.07559999823570251 2.0460000038146973 0.0 1.2051554918289185 0.008425094187259674 1240.7900390625 2025_01_28_19:25:49 -14585.328125
