1MXY1_Y 1MXY1_X 1MS1 1MXY2_Y 1MXY2_X 1MS2 1MXY3_Y 1MXY3_X 1MXY4_Y 1MXY4_X 1MS3 1MXY5_Y 1MXY5_X 1MXY6_Y 1MS4 1MS5 1MS6 1MQ71_X 1MS7 1MS8 1BPM3_X 1BPM3_Y 1BPM3_SUM time milliseconds
0.029400000348687172 -0.0442500002682209 6.0279998779296875 0.0009600705234333873 0.10720215737819672 6.77400016784668 0.06951501220464706 -0.28396305441856384 0.216448113322258 0.26115384697914124 4.697999954223633 -0.144213005900383 -0.15505678951740265 0.2939947247505188 6.015500068664551 1.3416999578475952 5.133999824523926 0.17331208288669586 3.0820000171661377 1.173799991607666 -5.967650890350342 -1.0048260688781738 2697.0 2025_02_18_16:52:51 -235.372314453125
0.029400000348687172 -0.0442500002682209 6.0279998779296875 0.0009600705234333873 0.10720215737819672 6.77400016784668 0.06951501220464706 -0.28396305441856384 0.216448113322258 0.26115384697914124 4.697999954223633 -0.144213005900383 -0.15505678951740265 0.2939947247505188 6.015500068664551 1.3416999578475952 5.133999824523926 0.17331208288669586 3.0820000171661377 1.173799991607666 -5.964160919189453 -1.0181715488433838 2693.070068359375 2025_02_18_16:52:52 -1052.13525390625
0.09866024553775787 -0.17818902432918549 6.0279998779296875 0.07590178400278091 0.18048366904258728 6.77400016784668 0.006087604444473982 -0.4212487041950226 0.21675103902816772 0.2828983962535858 4.697999954223633 -0.2501249313354492 -0.26112696528434753 0.5071218013763428 6.015500068664551 1.3416999578475952 5.133999824523926 0.22241170704364777 3.0820000171661377 1.173799991607666 -5.922160625457764 -1.0266872644424438 2695.360107421875 2025_02_18_16:52:52 -1664.629150390625
0.09866024553775787 -0.17818902432918549 6.0279998779296875 0.07590178400278091 0.18048366904258728 6.77400016784668 0.006087604444473982 -0.4212487041950226 0.21675103902816772 0.2828983962535858 4.697999954223633 -0.2501249313354492 -0.26112696528434753 0.5071218013763428 6.015500068664551 1.3416999578475952 5.133999824523926 0.22241170704364777 3.0820000171661377 1.173799991607666 -5.254672050476074 -0.7215570211410522 2690.81005859375 2025_02_18_16:52:53 -2067.910400390625
0.10735978186130524 -0.1973414123058319 6.0279998779296875 0.06458587199449539 0.13773085176944733 6.77400016784668 0.03764212504029274 -0.3991147577762604 0.22565266489982605 0.3231666088104248 4.697999954223633 -0.22493314743041992 -0.24454708397388458 0.28951480984687805 6.015500068664551 1.3416999578475952 5.133999824523926 0.08354482054710388 3.0820000171661377 1.173799991607666 -4.882967472076416 -0.6261878609657288 2692.739990234375 2025_02_18_16:52:53 -2290.6728515625
0.10562333464622498 -0.19684985280036926 6.0279998779296875 -0.0007448560791090131 0.08875709772109985 6.77400016784668 0.06505753844976425 -0.3228711485862732 0.16139152646064758 0.285574734210968 4.697999954223633 -0.23650316894054413 -0.31303277611732483 0.4238233268260956 6.015500068664551 1.3416999578475952 5.133999824523926 0.27633094787597656 3.0820000171661377 1.173799991607666 -2.901879072189331 0.2214721143245697 2695.669921875 2025_02_18_16:52:53 -2915.8720703125
0.10562333464622498 -0.19684985280036926 6.0279998779296875 -0.0007448560791090131 0.08875709772109985 6.77400016784668 0.06505753844976425 -0.3228711485862732 0.16139152646064758 0.285574734210968 4.697999954223633 -0.23650316894054413 -0.31303277611732483 0.4238233268260956 6.015500068664551 1.3416999578475952 5.133999824523926 0.27633094787597656 3.0820000171661377 1.173799991607666 -2.9171864986419678 0.5844573974609375 2698.31005859375 2025_02_18_16:52:54 -3117.1298828125
0.10562333464622498 -0.19684985280036926 6.0279998779296875 -0.0007448560791090131 0.08875709772109985 6.77400016784668 0.06505753844976425 -0.3228711485862732 0.16139152646064758 0.285574734210968 4.697999954223633 -0.23650316894054413 -0.31303277611732483 0.4238233268260956 6.015500068664551 1.3416999578475952 5.133999824523926 0.27633094787597656 3.0820000171661377 1.173799991607666 -2.9141457080841064 0.9027232527732849 2700.39990234375 2025_02_18_16:52:54 -3318.6494140625
0.10083566606044769 -0.19527295231819153 6.0279998779296875 0.06803538650274277 0.12905484437942505 6.77400016784668 0.07922560721635818 -0.40794944763183594 0.13720305263996124 0.21442562341690063 4.697999954223633 -0.1998964250087738 -0.21572032570838928 0.5035479068756104 6.015500068664551 1.3416999578475952 5.133999824523926 0.043171633034944534 3.0820000171661377 1.173799991607666 -2.716414451599121 1.032615303993225 2701.81005859375 2025_02_18_16:52:54 -3524.068115234375
0.10083566606044769 -0.19527295231819153 6.0279998779296875 0.06803538650274277 0.12905484437942505 6.77400016784668 0.07922560721635818 -0.40794944763183594 0.13720305263996124 0.21442562341690063 4.697999954223633 -0.1998964250087738 -0.21572032570838928 0.5035479068756104 6.015500068664551 1.3416999578475952 5.133999824523926 0.043171633034944534 3.0820000171661377 1.173799991607666 -2.375016927719116 1.0509560108184814 2707.889892578125 2025_02_18_16:52:54 -3725.57861328125
0.10083566606044769 -0.19527295231819153 6.0279998779296875 0.06803538650274277 0.12905484437942505 6.77400016784668 0.07922560721635818 -0.40794944763183594 0.13720305263996124 0.21442562341690063 4.697999954223633 -0.1998964250087738 -0.21572032570838928 0.5035479068756104 6.015500068664551 1.3416999578475952 5.133999824523926 0.043171633034944534 3.0820000171661377 1.173799991607666 -1.966465950012207 1.0813287496566772 2707.02001953125 2025_02_18_16:52:54 -3927.572998046875
0.11207897216081619 -0.1992182731628418 6.0279998779296875 0.049750182777643204 0.17527182400226593 6.77400016784668 0.027190249413251877 -0.27898475527763367 0.09148135781288147 0.20768360793590546 4.697999954223633 -0.21669036149978638 -0.30058392882347107 0.43667057156562805 6.015500068664551 1.3416999578475952 5.133999824523926 0.039027269929647446 3.0820000171661377 1.173799991607666 -1.966465950012207 1.0813287496566772 2707.02001953125 2025_02_18_16:52:55 -4133.02880859375
0.11207897216081619 -0.1992182731628418 6.0279998779296875 0.049750182777643204 0.17527182400226593 6.77400016784668 0.027190249413251877 -0.27898475527763367 0.09148135781288147 0.20768360793590546 4.697999954223633 -0.21669036149978638 -0.30058392882347107 0.43667057156562805 6.015500068664551 1.3416999578475952 5.133999824523926 0.039027269929647446 3.0820000171661377 1.173799991607666 -1.8346043825149536 1.3649603128433228 2706.75 2025_02_18_16:52:55 -4334.4150390625
0.11207897216081619 -0.1992182731628418 6.0279998779296875 0.049750182777643204 0.17527182400226593 6.77400016784668 0.027190249413251877 -0.27898475527763367 0.09148135781288147 0.20768360793590546 4.697999954223633 -0.21669036149978638 -0.30058392882347107 0.43667057156562805 6.015500068664551 1.3416999578475952 5.133999824523926 0.039027269929647446 3.0820000171661377 1.173799991607666 -1.7920212745666504 1.6783169507980347 2706.639892578125 2025_02_18_16:52:55 -4535.754150390625
0.09793122857809067 -0.18011319637298584 6.0279998779296875 0.029951967298984528 0.09522554278373718 6.77400016784668 -0.007852660492062569 -0.31402787566185 0.18260443210601807 0.21751528978347778 4.697999954223633 -0.09915246069431305 -0.15374326705932617 0.4492914080619812 6.015500068664551 1.3416999578475952 5.133999824523926 0.17436884343624115 3.0820000171661377 1.173799991607666 -1.7470855712890625 2.037900686264038 2709.199951171875 2025_02_18_16:52:55 -4739.927490234375
0.09793122857809067 -0.18011319637298584 6.0279998779296875 0.029951967298984528 0.09522554278373718 6.77400016784668 -0.007852660492062569 -0.31402787566185 0.18260443210601807 0.21751528978347778 4.697999954223633 -0.09915246069431305 -0.15374326705932617 0.4492914080619812 6.015500068664551 1.3416999578475952 5.133999824523926 0.17436884343624115 3.0820000171661377 1.173799991607666 -1.7598528861999512 1.8375698328018188 2707.7099609375 2025_02_18_16:52:55 -4941.62451171875
0.09793122857809067 -0.18011319637298584 6.0279998779296875 0.029951967298984528 0.09522554278373718 6.77400016784668 -0.007852660492062569 -0.31402787566185 0.18260443210601807 0.21751528978347778 4.697999954223633 -0.09915246069431305 -0.15374326705932617 0.4492914080619812 6.015500068664551 1.3416999578475952 5.133999824523926 0.17436884343624115 3.0820000171661377 1.173799991607666 -1.8926678895950317 1.5215040445327759 2709.010009765625 2025_02_18_16:52:56 -5143.220703125
0.11684706062078476 -0.18860070407390594 6.0279998779296875 0.07283137738704681 0.1854708194732666 6.77400016784668 0.05628851801156998 -0.2786732614040375 0.196039617061615 0.21118535101413727 4.697999954223633 -0.20902083814144135 -0.2288781851530075 0.3668573200702667 6.015500068664551 1.3416999578475952 5.133999824523926 0.20296862721443176 3.0820000171661377 1.173799991607666 -2.0048818588256836 1.286267876625061 2706.1298828125 2025_02_18_16:52:56 -5348.7568359375
0.11684706062078476 -0.18860070407390594 6.0279998779296875 0.07283137738704681 0.1854708194732666 6.77400016784668 0.05628851801156998 -0.2786732614040375 0.196039617061615 0.21118535101413727 4.697999954223633 -0.20902083814144135 -0.2288781851530075 0.3668573200702667 6.015500068664551 1.3416999578475952 5.133999824523926 0.20296862721443176 3.0820000171661377 1.173799991607666 -2.4105629920959473 1.1506940126419067 2705.97998046875 2025_02_18_16:52:56 -5550.229248046875
0.11684706062078476 -0.18860070407390594 6.0279998779296875 0.07283137738704681 0.1854708194732666 6.77400016784668 0.05628851801156998 -0.2786732614040375 0.196039617061615 0.21118535101413727 4.697999954223633 -0.20902083814144135 -0.2288781851530075 0.3668573200702667 6.015500068664551 1.3416999578475952 5.133999824523926 0.20296862721443176 3.0820000171661377 1.173799991607666 -2.76350474357605 1.0314656496047974 2704.110107421875 2025_02_18_16:52:56 -5751.621826171875
0.08693256974220276 -0.18724213540554047 6.0279998779296875 0.015805909410119057 0.17768104374408722 6.77400016784668 -0.0022629869636148214 -0.34855708479881287 0.1911139339208603 0.30551525950431824 4.697999954223633 -0.24260751903057098 -0.2983151376247406 0.35065874457359314 6.015500068664551 1.3416999578475952 5.133999824523926 0.1705019325017929 3.0820000171661377 1.173799991607666 -3.153261661529541 0.8676357269287109 2703.239990234375 2025_02_18_16:52:56 -5956.686279296875
0.08693256974220276 -0.18724213540554047 6.0279998779296875 0.015805909410119057 0.17768104374408722 6.77400016784668 -0.0022629869636148214 -0.34855708479881287 0.1911139339208603 0.30551525950431824 4.697999954223633 -0.24260751903057098 -0.2983151376247406 0.35065874457359314 6.015500068664551 1.3416999578475952 5.133999824523926 0.1705019325017929 3.0820000171661377 1.173799991607666 -3.0409555435180664 0.8904978036880493 2703.2900390625 2025_02_18_16:52:57 -6157.993408203125
0.08693256974220276 -0.18724213540554047 6.0279998779296875 0.015805909410119057 0.17768104374408722 6.77400016784668 -0.0022629869636148214 -0.34855708479881287 0.1911139339208603 0.30551525950431824 4.697999954223633 -0.24260751903057098 -0.2983151376247406 0.35065874457359314 6.015500068664551 1.3416999578475952 5.133999824523926 0.1705019325017929 3.0820000171661377 1.173799991607666 -2.6534411907196045 0.9592152237892151 2697.260009765625 2025_02_18_16:52:57 -6359.905029296875
0.08896002918481827 -0.20482927560806274 6.0279998779296875 0.03926427662372589 0.14536423981189728 6.77400016784668 -0.016363762319087982 -0.3033941388130188 0.10040086507797241 0.29800689220428467 4.697999954223633 -0.16444441676139832 -0.1968751847743988 0.4350370764732361 6.015500068664551 1.3416999578475952 5.133999824523926 0.08775033056735992 3.0820000171661377 1.173799991607666 -2.3790364265441895 1.0120261907577515 2693.52001953125 2025_02_18_16:52:57 -6565.77880859375
0.08896002918481827 -0.20482927560806274 6.0279998779296875 0.03926427662372589 0.14536423981189728 6.77400016784668 -0.016363762319087982 -0.3033941388130188 0.10040086507797241 0.29800689220428467 4.697999954223633 -0.16444441676139832 -0.1968751847743988 0.4350370764732361 6.015500068664551 1.3416999578475952 5.133999824523926 0.08775033056735992 3.0820000171661377 1.173799991607666 -2.1258280277252197 1.1944435834884644 2687.919921875 2025_02_18_16:52:57 -6767.302734375
0.08896002918481827 -0.20482927560806274 6.0279998779296875 0.03926427662372589 0.14536423981189728 6.77400016784668 -0.016363762319087982 -0.3033941388130188 0.10040086507797241 0.29800689220428467 4.697999954223633 -0.16444441676139832 -0.1968751847743988 0.4350370764732361 6.015500068664551 1.3416999578475952 5.133999824523926 0.08775033056735992 3.0820000171661377 1.173799991607666 -1.9452704191207886 1.464117169380188 2685.43994140625 2025_02_18_16:52:57 -6968.9150390625
0.11684706062078476 -0.18860070407390594 6.0279998779296875 0.07283137738704681 0.1854708194732666 6.77400016784668 0.05628851801156998 -0.2786732614040375 0.196039617061615 0.21118535101413727 4.697999954223633 -0.20902083814144135 -0.2288781851530075 0.3668573200702667 6.015500068664551 1.3416999578475952 5.133999824523926 0.20296862721443176 3.0820000171661377 1.173799991607666 -1.775264859199524 1.6838492155075073 2683.449951171875 2025_02_18_16:52:58 -7174.855712890625
0.11684706062078476 -0.18860070407390594 6.0279998779296875 0.07283137738704681 0.1854708194732666 6.77400016784668 0.05628851801156998 -0.2786732614040375 0.196039617061615 0.21118535101413727 4.697999954223633 -0.20902083814144135 -0.2288781851530075 0.3668573200702667 6.015500068664551 1.3416999578475952 5.133999824523926 0.20296862721443176 3.0820000171661377 1.173799991607666 -1.6404600143432617 1.5310875177383423 2683.85009765625 2025_02_18_16:52:58 -7376.66748046875
0.11684706062078476 -0.18860070407390594 6.0279998779296875 0.07283137738704681 0.1854708194732666 6.77400016784668 0.05628851801156998 -0.2786732614040375 0.196039617061615 0.21118535101413727 4.697999954223633 -0.20902083814144135 -0.2288781851530075 0.3668573200702667 6.015500068664551 1.3416999578475952 5.133999824523926 0.20296862721443176 3.0820000171661377 1.173799991607666 -1.4646536111831665 1.2206488847732544 2682.909912109375 2025_02_18_16:52:58 -7578.31201171875
0.11684706062078476 -0.18860070407390594 6.0279998779296875 0.07283137738704681 0.1854708194732666 6.77400016784668 0.05628851801156998 -0.2786732614040375 0.196039617061615 0.21118535101413727 4.697999954223633 -0.20902083814144135 -0.2288781851530075 0.3668573200702667 6.015500068664551 1.3416999578475952 5.133999824523926 0.20296862721443176 3.0820000171661377 1.173799991607666 -1.3161134719848633 0.926300048828125 2682.68994140625 2025_02_18_16:52:58 -7780.570068359375
0.11684706062078476 -0.18860070407390594 6.627999782562256 0.07283137738704681 0.1854708194732666 6.77400016784668 0.05628851801156998 -0.2786732614040375 0.196039617061615 0.21118535101413727 4.697999954223633 -0.20902083814144135 -0.2288781851530075 0.3668573200702667 6.015500068664551 1.3416999578475952 5.133999824523926 0.20296862721443176 3.0820000171661377 1.173799991607666 -1.4366722106933594 1.1386315822601318 2686.360107421875 2025_02_18_16:52:58 -7982.7451171875
0.11684706062078476 -0.18860070407390594 6.627999782562256 0.07283137738704681 0.1854708194732666 6.77400016784668 0.05628851801156998 -0.2786732614040375 0.196039617061615 0.21118535101413727 4.697999954223633 -0.20902083814144135 -0.2288781851530075 0.3668573200702667 6.015500068664551 1.3416999578475952 5.133999824523926 0.20296862721443176 3.0820000171661377 1.173799991607666 -1.573447585105896 1.5259699821472168 2672.800048828125 2025_02_18_16:52:59 -8184.308837890625
0.11684706062078476 -0.18860070407390594 6.627999782562256 0.07283137738704681 0.1854708194732666 6.77400016784668 0.05628851801156998 -0.2786732614040375 0.196039617061615 0.21118535101413727 4.697999954223633 -0.20902083814144135 -0.2288781851530075 0.3668573200702667 6.015500068664551 1.3416999578475952 5.133999824523926 0.20296862721443176 3.0820000171661377 1.173799991607666 -1.7150906324386597 1.8613051176071167 2670.840087890625 2025_02_18_16:52:59 -8386.209228515625
0.009929999709129333 -0.019300000742077827 6.0279998779296875 0.07283137738704681 0.1854708194732666 6.77400016784668 0.05628851801156998 -0.2786732614040375 0.196039617061615 0.21118535101413727 4.697999954223633 -0.20902083814144135 -0.2288781851530075 0.3668573200702667 6.015500068664551 1.3416999578475952 5.133999824523926 0.20296862721443176 3.0820000171661377 1.173799991607666 -1.7636390924453735 2.039029121398926 2664.52001953125 2025_02_18_16:52:59 -8593.60107421875
0.009929999709129333 -0.019300000742077827 6.627999782562256 0.07283137738704681 0.1854708194732666 6.77400016784668 0.05628851801156998 -0.2786732614040375 0.196039617061615 0.21118535101413727 4.697999954223633 -0.20902083814144135 -0.2288781851530075 0.3668573200702667 6.015500068664551 1.3416999578475952 5.133999824523926 0.20296862721443176 3.0820000171661377 1.173799991607666 -2.266390323638916 2.0756020545959473 2662.800048828125 2025_02_18_16:52:59 -8797.26708984375
0.009929999709129333 -0.019300000742077827 6.627999782562256 0.07283137738704681 0.1854708194732666 6.77400016784668 0.05628851801156998 -0.2786732614040375 0.196039617061615 0.21118535101413727 4.697999954223633 -0.20902083814144135 -0.2288781851530075 0.3668573200702667 6.015500068664551 1.3416999578475952 5.133999824523926 0.20296862721443176 3.0820000171661377 1.173799991607666 -2.96616268157959 2.2854485511779785 2618.419921875 2025_02_18_16:52:59 -8998.85400390625
0.009929999709129333 -0.019300000742077827 6.627999782562256 0.07283137738704681 0.1854708194732666 6.77400016784668 0.05628851801156998 -0.2786732614040375 0.196039617061615 0.21118535101413727 4.697999954223633 -0.20902083814144135 -0.2288781851530075 0.3668573200702667 6.015500068664551 1.3416999578475952 5.133999824523926 0.20296862721443176 3.0820000171661377 1.173799991607666 -3.637394666671753 2.1614792346954346 2576.699951171875 2025_02_18_16:53:00 -9200.679443359375
0.008100000210106373 -0.020899999886751175 6.0279998779296875 0.07283137738704681 0.1854708194732666 6.77400016784668 0.05628851801156998 -0.2786732614040375 0.196039617061615 0.21118535101413727 4.697999954223633 -0.20902083814144135 -0.2288781851530075 0.3668573200702667 6.015500068664551 1.3416999578475952 5.133999824523926 0.20296862721443176 3.0820000171661377 1.173799991607666 -4.45396614074707 1.9841498136520386 2531.179931640625 2025_02_18_16:53:00 -9403.0478515625
0.008100000210106373 -0.020899999886751175 6.627999782562256 0.07283137738704681 0.1854708194732666 6.77400016784668 0.05628851801156998 -0.2786732614040375 0.196039617061615 0.21118535101413727 4.697999954223633 -0.20902083814144135 -0.2288781851530075 0.3668573200702667 6.015500068664551 1.3416999578475952 5.133999824523926 0.20296862721443176 3.0820000171661377 1.173799991607666 -5.053222179412842 1.7211129665374756 2531.639892578125 2025_02_18_16:53:00 -9604.636962890625
0.008100000210106373 -0.020899999886751175 6.627999782562256 0.07283137738704681 0.1854708194732666 6.77400016784668 0.05628851801156998 -0.2786732614040375 0.196039617061615 0.21118535101413727 4.697999954223633 -0.20902083814144135 -0.2288781851530075 0.3668573200702667 6.015500068664551 1.3416999578475952 5.133999824523926 0.20296862721443176 3.0820000171661377 1.173799991607666 -6.225186347961426 1.715346336364746 2479.85009765625 2025_02_18_16:53:00 -9806.08447265625
0.008100000210106373 -0.020899999886751175 6.627999782562256 0.07283137738704681 0.1854708194732666 6.77400016784668 0.05628851801156998 -0.2786732614040375 0.196039617061615 0.21118535101413727 4.697999954223633 -0.20902083814144135 -0.2288781851530075 0.3668573200702667 6.015500068664551 1.3416999578475952 5.133999824523926 0.20296862721443176 3.0820000171661377 1.173799991607666 -7.099359512329102 1.6951375007629395 2439.570068359375 2025_02_18_16:53:00 -10007.98583984375
0.011760000139474869 -0.020899999886751175 6.0279998779296875 0.07283137738704681 0.1854708194732666 6.77400016784668 0.05628851801156998 -0.2786732614040375 0.196039617061615 0.21118535101413727 4.697999954223633 -0.20902083814144135 -0.2288781851530075 0.3668573200702667 6.015500068664551 1.3416999578475952 5.133999824523926 0.20296862721443176 3.0820000171661377 1.173799991607666 -8.1278657913208 1.657915472984314 2399.860107421875 2025_02_18_16:53:01 -10211.11083984375
0.011760000139474869 -0.020899999886751175 6.627999782562256 0.07283137738704681 0.1854708194732666 6.77400016784668 0.05628851801156998 -0.2786732614040375 0.196039617061615 0.21118535101413727 4.697999954223633 -0.20902083814144135 -0.2288781851530075 0.3668573200702667 6.015500068664551 1.3416999578475952 5.133999824523926 0.20296862721443176 3.0820000171661377 1.173799991607666 -8.669349670410156 1.6669484376907349 2398.06005859375 2025_02_18_16:53:01 -10412.67578125
0.011760000139474869 -0.020899999886751175 6.627999782562256 0.07283137738704681 0.1854708194732666 6.77400016784668 0.05628851801156998 -0.2786732614040375 0.196039617061615 0.21118535101413727 4.697999954223633 -0.20902083814144135 -0.2288781851530075 0.3668573200702667 6.015500068664551 1.3416999578475952 5.133999824523926 0.20296862721443176 3.0820000171661377 1.173799991607666 -9.377950668334961 1.8622149229049683 2352.75 2025_02_18_16:53:01 -10614.07177734375
0.011760000139474869 -0.020899999886751175 6.627999782562256 0.07283137738704681 0.1854708194732666 6.77400016784668 0.05628851801156998 -0.2786732614040375 0.196039617061615 0.21118535101413727 4.697999954223633 -0.20902083814144135 -0.2288781851530075 0.3668573200702667 6.015500068664551 1.3416999578475952 5.133999824523926 0.20296862721443176 3.0820000171661377 1.173799991607666 -9.95608139038086 2.0063936710357666 2312.050048828125 2025_02_18_16:53:01 -10815.491943359375
0.008100000210106373 -0.01769999973475933 6.0279998779296875 0.07283137738704681 0.1854708194732666 6.77400016784668 0.05628851801156998 -0.2786732614040375 0.196039617061615 0.21118535101413727 4.697999954223633 -0.20902083814144135 -0.2288781851530075 0.3668573200702667 6.015500068664551 1.3416999578475952 5.133999824523926 0.20296862721443176 3.0820000171661377 1.173799991607666 -10.717211723327637 2.1788697242736816 2264.10009765625 2025_02_18_16:53:02 -11017.717529296875
0.008100000210106373 -0.01769999973475933 6.627999782562256 0.07283137738704681 0.1854708194732666 6.77400016784668 0.05628851801156998 -0.2786732614040375 0.196039617061615 0.21118535101413727 4.697999954223633 -0.20902083814144135 -0.2288781851530075 0.3668573200702667 6.015500068664551 1.3416999578475952 5.133999824523926 0.20296862721443176 3.0820000171661377 1.173799991607666 -11.189814567565918 2.0623133182525635 2266.760009765625 2025_02_18_16:53:02 -11219.294921875
0.008100000210106373 -0.01769999973475933 6.627999782562256 0.07283137738704681 0.1854708194732666 6.77400016784668 0.05628851801156998 -0.2786732614040375 0.196039617061615 0.21118535101413727 4.697999954223633 -0.20902083814144135 -0.2288781851530075 0.3668573200702667 6.015500068664551 1.3416999578475952 5.133999824523926 0.20296862721443176 3.0820000171661377 1.173799991607666 -11.820517539978027 2.084103584289551 2223.050048828125 2025_02_18_16:53:02 -11420.84130859375
0.008100000210106373 -0.01769999973475933 6.627999782562256 0.07283137738704681 0.1854708194732666 6.77400016784668 0.05628851801156998 -0.2786732614040375 0.196039617061615 0.21118535101413727 4.697999954223633 -0.20902083814144135 -0.2288781851530075 0.3668573200702667 6.015500068664551 1.3416999578475952 5.133999824523926 0.20296862721443176 3.0820000171661377 1.173799991607666 -12.37906265258789 2.106346845626831 2185.97998046875 2025_02_18_16:53:02 -11622.230712890625
0.011760000139474869 -0.01769999973475933 6.0279998779296875 0.07283137738704681 0.1854708194732666 6.77400016784668 0.05628851801156998 -0.2786732614040375 0.196039617061615 0.21118535101413727 4.697999954223633 -0.20902083814144135 -0.2288781851530075 0.3668573200702667 6.015500068664551 1.3416999578475952 5.133999824523926 0.20296862721443176 3.0820000171661377 1.173799991607666 -12.556662559509277 2.2782371044158936 2144.830078125 2025_02_18_16:53:02 -11824.440673828125
0.011760000139474869 -0.01769999973475933 6.627999782562256 0.07283137738704681 0.1854708194732666 6.77400016784668 0.05628851801156998 -0.2786732614040375 0.196039617061615 0.21118535101413727 4.697999954223633 -0.20902083814144135 -0.2288781851530075 0.3668573200702667 6.015500068664551 1.3416999578475952 5.133999824523926 0.20296862721443176 3.0820000171661377 1.173799991607666 -12.482105255126953 2.1775145530700684 2170.760009765625 2025_02_18_16:53:03 -12025.96728515625
0.011760000139474869 -0.01769999973475933 6.627999782562256 0.07283137738704681 0.1854708194732666 6.77400016784668 0.05628851801156998 -0.2786732614040375 0.196039617061615 0.21118535101413727 4.697999954223633 -0.20902083814144135 -0.2288781851530075 0.3668573200702667 6.015500068664551 1.3416999578475952 5.133999824523926 0.20296862721443176 3.0820000171661377 1.173799991607666 -12.491559982299805 2.1857564449310303 2169.860107421875 2025_02_18_16:53:03 -12227.416259765625
0.011760000139474869 -0.01769999973475933 6.627999782562256 0.07283137738704681 0.1854708194732666 6.77400016784668 0.05628851801156998 -0.2786732614040375 0.196039617061615 0.21118535101413727 4.697999954223633 -0.20902083814144135 -0.2288781851530075 0.3668573200702667 6.015500068664551 1.3416999578475952 5.133999824523926 0.20296862721443176 3.0820000171661377 1.173799991607666 -12.489019393920898 2.188382148742676 2168.75 2025_02_18_16:53:03 -12428.85107421875
0.11501641571521759 -0.20885296165943146 6.0279998779296875 0.07283137738704681 0.1854708194732666 6.77400016784668 0.05628851801156998 -0.2786732614040375 0.196039617061615 0.21118535101413727 4.697999954223633 -0.20902083814144135 -0.2288781851530075 0.3668573200702667 6.015500068664551 1.3416999578475952 5.133999824523926 0.20296862721443176 3.0820000171661377 1.173799991607666 -6.439471244812012 0.3323494791984558 2683.820068359375 2025_02_18_16:53:06 -15553.931884765625
0.11501641571521759 -0.20885296165943146 6.627999782562256 0.07283137738704681 0.1854708194732666 6.77400016784668 0.05628851801156998 -0.2786732614040375 0.196039617061615 0.21118535101413727 4.697999954223633 -0.20902083814144135 -0.2288781851530075 0.3668573200702667 6.015500068664551 1.3416999578475952 5.133999824523926 0.20296862721443176 3.0820000171661377 1.173799991607666 -5.884696006774902 0.4595716893672943 2675.429931640625 2025_02_18_16:53:06 -15755.876708984375
0.11501641571521759 -0.20885296165943146 6.627999782562256 0.07283137738704681 0.1854708194732666 6.77400016784668 0.05628851801156998 -0.2786732614040375 0.196039617061615 0.21118535101413727 4.697999954223633 -0.20902083814144135 -0.2288781851530075 0.3668573200702667 6.015500068664551 1.3416999578475952 5.133999824523926 0.20296862721443176 3.0820000171661377 1.173799991607666 -5.264753341674805 0.6371065378189087 2668.47998046875 2025_02_18_16:53:06 -15957.440673828125
0.11501641571521759 -0.20885296165943146 6.627999782562256 0.07283137738704681 0.1854708194732666 6.77400016784668 0.05628851801156998 -0.2786732614040375 0.196039617061615 0.21118535101413727 4.697999954223633 -0.20902083814144135 -0.2288781851530075 0.3668573200702667 6.015500068664551 1.3416999578475952 5.133999824523926 0.20296862721443176 3.0820000171661377 1.173799991607666 -4.713003158569336 0.7663309574127197 2662.050048828125 2025_02_18_16:53:07 -16159.021484375
0.109126515686512 -0.18860070407390594 6.0279998779296875 0.07283137738704681 0.1854708194732666 6.77400016784668 0.05628851801156998 -0.2786732614040375 0.196039617061615 0.21118535101413727 4.697999954223633 -0.20902083814144135 -0.2288781851530075 0.3668573200702667 6.015500068664551 1.3416999578475952 5.133999824523926 0.20296862721443176 3.0820000171661377 1.173799991607666 -2.334437608718872 0.6584036350250244 2665.469970703125 2025_02_18_16:53:08 -17103.669921875
0.109126515686512 -0.18860070407390594 6.627999782562256 0.07283137738704681 0.1854708194732666 6.77400016784668 0.05628851801156998 -0.2786732614040375 0.196039617061615 0.21118535101413727 4.697999954223633 -0.20902083814144135 -0.2288781851530075 0.3668573200702667 6.015500068664551 1.3416999578475952 5.133999824523926 0.20296862721443176 3.0820000171661377 1.173799991607666 -2.3740527629852295 0.696388840675354 2657.570068359375 2025_02_18_16:53:08 -17305.362060546875
0.109126515686512 -0.18860070407390594 6.627999782562256 0.07283137738704681 0.1854708194732666 6.77400016784668 0.05628851801156998 -0.2786732614040375 0.196039617061615 0.21118535101413727 4.697999954223633 -0.20902083814144135 -0.2288781851530075 0.3668573200702667 6.015500068664551 1.3416999578475952 5.133999824523926 0.20296862721443176 3.0820000171661377 1.173799991607666 -2.4360077381134033 0.8578711152076721 2650.679931640625 2025_02_18_16:53:08 -17506.769287109375
0.109126515686512 -0.18860070407390594 6.627999782562256 0.07283137738704681 0.1854708194732666 6.77400016784668 0.05628851801156998 -0.2786732614040375 0.196039617061615 0.21118535101413727 4.697999954223633 -0.20902083814144135 -0.2288781851530075 0.3668573200702667 6.015500068664551 1.3416999578475952 5.133999824523926 0.20296862721443176 3.0820000171661377 1.173799991607666 -2.5433526039123535 1.0591593980789185 2645.43994140625 2025_02_18_16:53:08 -17708.131103515625
0.11300061643123627 -0.18860375881195068 6.0279998779296875 0.07283137738704681 0.1854708194732666 6.77400016784668 0.05628851801156998 -0.2786732614040375 0.196039617061615 0.21118535101413727 4.697999954223633 -0.20902083814144135 -0.2288781851530075 0.3668573200702667 6.015500068664551 1.3416999578475952 5.133999824523926 0.20296862721443176 3.0820000171661377 1.173799991607666 -2.8258440494537354 0.11889119446277618 2685.2099609375 2025_02_18_16:53:11 -20707.9521484375
0.11300061643123627 -0.18860375881195068 6.627999782562256 0.07283137738704681 0.1854708194732666 6.77400016784668 0.05628851801156998 -0.2786732614040375 0.196039617061615 0.21118535101413727 4.697999954223633 -0.20902083814144135 -0.2288781851530075 0.3668573200702667 6.015500068664551 1.3416999578475952 5.133999824523926 0.20296862721443176 3.0820000171661377 1.173799991607666 -2.8043668270111084 0.015850983560085297 2690.909912109375 2025_02_18_16:53:11 -20909.605224609375
0.11300061643123627 -0.18860375881195068 6.627999782562256 0.07283137738704681 0.1854708194732666 6.77400016784668 0.05628851801156998 -0.2786732614040375 0.196039617061615 0.21118535101413727 4.697999954223633 -0.20902083814144135 -0.2288781851530075 0.3668573200702667 6.015500068664551 1.3416999578475952 5.133999824523926 0.20296862721443176 3.0820000171661377 1.173799991607666 -2.8116750717163086 0.1654888093471527 2682.22998046875 2025_02_18_16:53:12 -21110.888427734375
0.11300061643123627 -0.18860375881195068 6.627999782562256 0.07283137738704681 0.1854708194732666 6.77400016784668 0.05628851801156998 -0.2786732614040375 0.196039617061615 0.21118535101413727 4.697999954223633 -0.20902083814144135 -0.2288781851530075 0.3668573200702667 6.015500068664551 1.3416999578475952 5.133999824523926 0.20296862721443176 3.0820000171661377 1.173799991607666 -2.885159492492676 0.3985172212123871 2678.469970703125 2025_02_18_16:53:12 -21312.35595703125
0.09071728587150574 -0.18860283493995667 6.0279998779296875 0.07283137738704681 0.1854708194732666 6.77400016784668 0.05628851801156998 -0.2786732614040375 0.196039617061615 0.21118535101413727 4.697999954223633 -0.20902083814144135 -0.2288781851530075 0.3668573200702667 6.015500068664551 1.3416999578475952 5.133999824523926 0.20296862721443176 3.0820000171661377 1.173799991607666 -3.0061728954315186 0.5328590273857117 2675.530029296875 2025_02_18_16:53:13 -22438.803466796875
0.09071728587150574 -0.18860283493995667 6.627999782562256 0.07283137738704681 0.1854708194732666 6.77400016784668 0.05628851801156998 -0.2786732614040375 0.196039617061615 0.21118535101413727 4.697999954223633 -0.20902083814144135 -0.2288781851530075 0.3668573200702667 6.015500068664551 1.3416999578475952 5.133999824523926 0.20296862721443176 3.0820000171661377 1.173799991607666 -3.074923038482666 0.5947410464286804 2674.199951171875 2025_02_18_16:53:13 -22640.44482421875
0.09071728587150574 -0.18860283493995667 6.627999782562256 0.07283137738704681 0.1854708194732666 6.77400016784668 0.05628851801156998 -0.2786732614040375 0.196039617061615 0.21118535101413727 4.697999954223633 -0.20902083814144135 -0.2288781851530075 0.3668573200702667 6.015500068664551 1.3416999578475952 5.133999824523926 0.20296862721443176 3.0820000171661377 1.173799991607666 -3.1349756717681885 0.7720237970352173 2668.3798828125 2025_02_18_16:53:13 -22841.880126953125
0.09071728587150574 -0.18860283493995667 6.627999782562256 0.07283137738704681 0.1854708194732666 6.77400016784668 0.05628851801156998 -0.2786732614040375 0.196039617061615 0.21118535101413727 4.697999954223633 -0.20902083814144135 -0.2288781851530075 0.3668573200702667 6.015500068664551 1.3416999578475952 5.133999824523926 0.20296862721443176 3.0820000171661377 1.173799991607666 -3.16829776763916 1.0227934122085571 2658.75 2025_02_18_16:53:14 -23043.518310546875
0.10487239062786102 -0.18860255181789398 6.0279998779296875 0.07283137738704681 0.1854708194732666 6.77400016784668 0.05628851801156998 -0.2786732614040375 0.196039617061615 0.21118535101413727 4.697999954223633 -0.20902083814144135 -0.2288781851530075 0.3668573200702667 6.015500068664551 1.3416999578475952 5.133999824523926 0.20296862721443176 3.0820000171661377 1.173799991607666 -3.3293216228485107 0.9259310364723206 2679.739990234375 2025_02_18_16:53:16 -25615.791015625
0.10487239062786102 -0.18860255181789398 6.627999782562256 0.07283137738704681 0.1854708194732666 6.77400016784668 0.05628851801156998 -0.2786732614040375 0.196039617061615 0.21118535101413727 4.697999954223633 -0.20902083814144135 -0.2288781851530075 0.3668573200702667 6.015500068664551 1.3416999578475952 5.133999824523926 0.20296862721443176 3.0820000171661377 1.173799991607666 -3.2796969413757324 0.8079929947853088 2683.0400390625 2025_02_18_16:53:16 -25817.533203125
0.10487239062786102 -0.18860255181789398 6.627999782562256 0.07283137738704681 0.1854708194732666 6.77400016784668 0.05628851801156998 -0.2786732614040375 0.196039617061615 0.21118535101413727 4.697999954223633 -0.20902083814144135 -0.2288781851530075 0.3668573200702667 6.015500068664551 1.3416999578475952 5.133999824523926 0.20296862721443176 3.0820000171661377 1.173799991607666 -3.2887380123138428 0.7454054355621338 2685.14990234375 2025_02_18_16:53:17 -26019.041748046875
0.10487239062786102 -0.18860255181789398 6.627999782562256 0.07283137738704681 0.1854708194732666 6.77400016784668 0.05628851801156998 -0.2786732614040375 0.196039617061615 0.21118535101413727 4.697999954223633 -0.20902083814144135 -0.2288781851530075 0.3668573200702667 6.015500068664551 1.3416999578475952 5.133999824523926 0.20296862721443176 3.0820000171661377 1.173799991607666 -3.2724239826202393 0.7344761490821838 2687.840087890625 2025_02_18_16:53:17 -26221.007568359375
0.10056404769420624 -0.1886027604341507 6.0279998779296875 0.07283137738704681 0.1854708194732666 6.77400016784668 0.05628851801156998 -0.2786732614040375 0.196039617061615 0.21118535101413727 4.697999954223633 -0.20902083814144135 -0.2288781851530075 0.3668573200702667 6.015500068664551 1.3416999578475952 5.133999824523926 0.20296862721443176 3.0820000171661377 1.173799991607666 -3.092442035675049 0.721599817276001 2675.340087890625 2025_02_18_16:53:18 -27374.7607421875
0.10056404769420624 -0.1886027604341507 6.627999782562256 0.07283137738704681 0.1854708194732666 6.77400016784668 0.05628851801156998 -0.2786732614040375 0.196039617061615 0.21118535101413727 4.697999954223633 -0.20902083814144135 -0.2288781851530075 0.3668573200702667 6.015500068664551 1.3416999578475952 5.133999824523926 0.20296862721443176 3.0820000171661377 1.173799991607666 -3.110081672668457 0.8593893647193909 2670.389892578125 2025_02_18_16:53:18 -27576.042724609375
0.10056404769420624 -0.1886027604341507 6.627999782562256 0.07283137738704681 0.1854708194732666 6.77400016784668 0.05628851801156998 -0.2786732614040375 0.196039617061615 0.21118535101413727 4.697999954223633 -0.20902083814144135 -0.2288781851530075 0.3668573200702667 6.015500068664551 1.3416999578475952 5.133999824523926 0.20296862721443176 3.0820000171661377 1.173799991607666 -3.1597423553466797 1.048092246055603 2668.89990234375 2025_02_18_16:53:18 -27777.0576171875
0.10056404769420624 -0.1886027604341507 6.627999782562256 0.07283137738704681 0.1854708194732666 6.77400016784668 0.05628851801156998 -0.2786732614040375 0.196039617061615 0.21118535101413727 4.697999954223633 -0.20902083814144135 -0.2288781851530075 0.3668573200702667 6.015500068664551 1.3416999578475952 5.133999824523926 0.20296862721443176 3.0820000171661377 1.173799991607666 -3.2166857719421387 1.2261943817138672 2665.989990234375 2025_02_18_16:53:18 -27978.152587890625
0.09633228182792664 -0.18860279023647308 6.0279998779296875 0.07283137738704681 0.1854708194732666 6.77400016784668 0.05628851801156998 -0.2786732614040375 0.196039617061615 0.21118535101413727 4.697999954223633 -0.20902083814144135 -0.2288781851530075 0.3668573200702667 6.015500068664551 1.3416999578475952 5.133999824523926 0.20296862721443176 3.0820000171661377 1.173799991607666 -3.3424432277679443 0.889942467212677 2686.5 2025_02_18_16:53:21 -30622.948486328125
0.09633228182792664 -0.18860279023647308 6.627999782562256 0.07283137738704681 0.1854708194732666 6.77400016784668 0.05628851801156998 -0.2786732614040375 0.196039617061615 0.21118535101413727 4.697999954223633 -0.20902083814144135 -0.2288781851530075 0.3668573200702667 6.015500068664551 1.3416999578475952 5.133999824523926 0.20296862721443176 3.0820000171661377 1.173799991607666 -3.3064827919006348 0.7286211252212524 2691.60009765625 2025_02_18_16:53:21 -30830.385498046875
0.09633228182792664 -0.18860279023647308 6.627999782562256 0.07283137738704681 0.1854708194732666 6.77400016784668 0.05628851801156998 -0.2786732614040375 0.196039617061615 0.21118535101413727 4.697999954223633 -0.20902083814144135 -0.2288781851530075 0.3668573200702667 6.015500068664551 1.3416999578475952 5.133999824523926 0.20296862721443176 3.0820000171661377 1.173799991607666 -3.2780816555023193 0.715528130531311 2690.6298828125 2025_02_18_16:53:22 -31031.969482421875
0.09633228182792664 -0.18860279023647308 6.627999782562256 0.07283137738704681 0.1854708194732666 6.77400016784668 0.05628851801156998 -0.2786732614040375 0.196039617061615 0.21118535101413727 4.697999954223633 -0.20902083814144135 -0.2288781851530075 0.3668573200702667 6.015500068664551 1.3416999578475952 5.133999824523926 0.20296862721443176 3.0820000171661377 1.173799991607666 -3.2794580459594727 0.7253372669219971 2690.18994140625 2025_02_18_16:53:22 -31234.125244140625
0.08655214309692383 -0.18860310316085815 6.0279998779296875 0.07283137738704681 0.1854708194732666 6.77400016784668 0.05628851801156998 -0.2786732614040375 0.196039617061615 0.21118535101413727 4.697999954223633 -0.20902083814144135 -0.2288781851530075 0.3668573200702667 6.015500068664551 1.3416999578475952 5.133999824523926 0.20296862721443176 3.0820000171661377 1.173799991607666 -3.3699653148651123 0.9957041144371033 2688.169921875 2025_02_18_16:53:23 -32683.3115234375
0.08655214309692383 -0.18860310316085815 6.627999782562256 0.07283137738704681 0.1854708194732666 6.77400016784668 0.05628851801156998 -0.2786732614040375 0.196039617061615 0.21118535101413727 4.697999954223633 -0.20902083814144135 -0.2288781851530075 0.3668573200702667 6.015500068664551 1.3416999578475952 5.133999824523926 0.20296862721443176 3.0820000171661377 1.173799991607666 -3.392648935317993 1.1651911735534668 2680.0400390625 2025_02_18_16:53:23 -32885.662109375
0.08655214309692383 -0.18860310316085815 6.627999782562256 0.07283137738704681 0.1854708194732666 6.77400016784668 0.05628851801156998 -0.2786732614040375 0.196039617061615 0.21118535101413727 4.697999954223633 -0.20902083814144135 -0.2288781851530075 0.3668573200702667 6.015500068664551 1.3416999578475952 5.133999824523926 0.20296862721443176 3.0820000171661377 1.173799991607666 -3.4310708045959473 1.359929084777832 2673.219970703125 2025_02_18_16:53:24 -33087.271240234375
0.08655214309692383 -0.18860310316085815 6.627999782562256 0.07283137738704681 0.1854708194732666 6.77400016784668 0.05628851801156998 -0.2786732614040375 0.196039617061615 0.21118535101413727 4.697999954223633 -0.20902083814144135 -0.2288781851530075 0.3668573200702667 6.015500068664551 1.3416999578475952 5.133999824523926 0.20296862721443176 3.0820000171661377 1.173799991607666 -3.4583678245544434 1.530288815498352 2667.52001953125 2025_02_18_16:53:24 -33288.690673828125
0.008100000210106373 -0.01769999973475933 6.0279998779296875 0.07283137738704681 0.1854708194732666 6.77400016784668 0.05628851801156998 -0.2786732614040375 0.196039617061615 0.21118535101413727 4.697999954223633 -0.20902083814144135 -0.2288781851530075 0.3668573200702667 6.015500068664551 1.3416999578475952 5.133999824523926 0.20296862721443176 3.0820000171661377 1.173799991607666 -3.8788576126098633 1.5795515775680542 2665.090087890625 2025_02_18_16:53:24 -33557.400634765625
0.008100000210106373 -0.01769999973475933 6.627999782562256 0.07283137738704681 0.1854708194732666 6.77400016784668 0.05628851801156998 -0.2786732614040375 0.196039617061615 0.21118535101413727 4.697999954223633 -0.20902083814144135 -0.2288781851530075 0.3668573200702667 6.015500068664551 1.3416999578475952 5.133999824523926 0.20296862721443176 3.0820000171661377 1.173799991607666 -4.43803596496582 1.6498205661773682 2643.300048828125 2025_02_18_16:53:24 -33759.358154296875
0.008100000210106373 -0.01769999973475933 6.627999782562256 0.07283137738704681 0.1854708194732666 6.77400016784668 0.05628851801156998 -0.2786732614040375 0.196039617061615 0.21118535101413727 4.697999954223633 -0.20902083814144135 -0.2288781851530075 0.3668573200702667 6.015500068664551 1.3416999578475952 5.133999824523926 0.20296862721443176 3.0820000171661377 1.173799991607666 -5.198887825012207 1.617459774017334 2596.820068359375 2025_02_18_16:53:24 -33960.90869140625
0.008100000210106373 -0.01769999973475933 6.627999782562256 0.07283137738704681 0.1854708194732666 6.77400016784668 0.05628851801156998 -0.2786732614040375 0.196039617061615 0.21118535101413727 4.697999954223633 -0.20902083814144135 -0.2288781851530075 0.3668573200702667 6.015500068664551 1.3416999578475952 5.133999824523926 0.20296862721443176 3.0820000171661377 1.173799991607666 -5.753717422485352 1.5987261533737183 2559.39990234375 2025_02_18_16:53:25 -34162.56298828125
0.008100000210106373 -0.01769999973475933 6.0279998779296875 0.07283137738704681 0.1854708194732666 6.77400016784668 0.05628851801156998 -0.2786732614040375 0.196039617061615 0.21118535101413727 4.697999954223633 -0.20902083814144135 -0.2288781851530075 0.3668573200702667 6.015500068664551 1.3416999578475952 5.133999824523926 0.20296862721443176 3.0820000171661377 1.173799991607666 -6.364798545837402 1.5321651697158813 2539.10009765625 2025_02_18_16:53:25 -34410.91015625
0.008100000210106373 -0.01769999973475933 6.0279998779296875 0.07283137738704681 0.1854708194732666 7.374000072479248 0.05628851801156998 -0.2786732614040375 0.196039617061615 0.21118535101413727 4.697999954223633 -0.20902083814144135 -0.2288781851530075 0.3668573200702667 6.015500068664551 1.3416999578475952 5.133999824523926 0.20296862721443176 3.0820000171661377 1.173799991607666 -7.117499828338623 1.525184154510498 2529.64990234375 2025_02_18_16:53:25 -34612.8369140625
0.008100000210106373 -0.01769999973475933 6.0279998779296875 0.07283137738704681 0.1854708194732666 7.374000072479248 0.05628851801156998 -0.2786732614040375 0.196039617061615 0.21118535101413727 4.697999954223633 -0.20902083814144135 -0.2288781851530075 0.3668573200702667 6.015500068664551 1.3416999578475952 5.133999824523926 0.20296862721443176 3.0820000171661377 1.173799991607666 -7.910300254821777 1.4753555059432983 2524.35009765625 2025_02_18_16:53:25 -34814.445068359375
0.008100000210106373 -0.01769999973475933 6.0279998779296875 0.07283137738704681 0.1854708194732666 7.374000072479248 0.05628851801156998 -0.2786732614040375 0.196039617061615 0.21118535101413727 4.697999954223633 -0.20902083814144135 -0.2288781851530075 0.3668573200702667 6.015500068664551 1.3416999578475952 5.133999824523926 0.20296862721443176 3.0820000171661377 1.173799991607666 -8.859344482421875 1.4286912679672241 2517.2900390625 2025_02_18_16:53:26 -35016.075927734375
0.009929999709129333 -0.019300000742077827 6.0279998779296875 0.003800000064074993 0.013740000315010548 6.77400016784668 0.05628851801156998 -0.2786732614040375 0.196039617061615 0.21118535101413727 4.697999954223633 -0.20902083814144135 -0.2288781851530075 0.3668573200702667 6.015500068664551 1.3416999578475952 5.133999824523926 0.20296862721443176 3.0820000171661377 1.173799991607666 -9.696946144104004 1.4089856147766113 2513.739990234375 2025_02_18_16:53:26 -35219.0107421875
0.009929999709129333 -0.019300000742077827 6.0279998779296875 0.003800000064074993 0.013740000315010548 7.374000072479248 0.05628851801156998 -0.2786732614040375 0.196039617061615 0.21118535101413727 4.697999954223633 -0.20902083814144135 -0.2288781851530075 0.3668573200702667 6.015500068664551 1.3416999578475952 5.133999824523926 0.20296862721443176 3.0820000171661377 1.173799991607666 -10.621882438659668 1.5442955493927002 2495.659912109375 2025_02_18_16:53:26 -35420.90625
0.009929999709129333 -0.019300000742077827 6.0279998779296875 0.003800000064074993 0.013740000315010548 7.374000072479248 0.05628851801156998 -0.2786732614040375 0.196039617061615 0.21118535101413727 4.697999954223633 -0.20902083814144135 -0.2288781851530075 0.3668573200702667 6.015500068664551 1.3416999578475952 5.133999824523926 0.20296862721443176 3.0820000171661377 1.173799991607666 -11.515912055969238 1.6154639720916748 2460.139892578125 2025_02_18_16:53:26 -35622.851318359375
0.009929999709129333 -0.019300000742077827 6.0279998779296875 0.003800000064074993 0.013740000315010548 7.374000072479248 0.05628851801156998 -0.2786732614040375 0.196039617061615 0.21118535101413727 4.697999954223633 -0.20902083814144135 -0.2288781851530075 0.3668573200702667 6.015500068664551 1.3416999578475952 5.133999824523926 0.20296862721443176 3.0820000171661377 1.173799991607666 -12.562883377075195 1.6986387968063354 2422.199951171875 2025_02_18_16:53:26 -35824.452392578125
0.008100000210106373 -0.020899999886751175 6.0279998779296875 -0.0003000000142492354 0.00863999966531992 6.77400016784668 0.05628851801156998 -0.2786732614040375 0.196039617061615 0.21118535101413727 4.697999954223633 -0.20902083814144135 -0.2288781851530075 0.3668573200702667 6.015500068664551 1.3416999578475952 5.133999824523926 0.20296862721443176 3.0820000171661377 1.173799991607666 -13.362051010131836 1.6353031396865845 2405.97998046875 2025_02_18_16:53:27 -36027.11181640625
0.008100000210106373 -0.020899999886751175 6.0279998779296875 -0.0003000000142492354 0.00863999966531992 7.374000072479248 0.05628851801156998 -0.2786732614040375 0.196039617061615 0.21118535101413727 4.697999954223633 -0.20902083814144135 -0.2288781851530075 0.3668573200702667 6.015500068664551 1.3416999578475952 5.133999824523926 0.20296862721443176 3.0820000171661377 1.173799991607666 -14.230315208435059 1.5913664102554321 2388.06005859375 2025_02_18_16:53:27 -36228.896484375
0.008100000210106373 -0.020899999886751175 6.0279998779296875 -0.0003000000142492354 0.00863999966531992 7.374000072479248 0.05628851801156998 -0.2786732614040375 0.196039617061615 0.21118535101413727 4.697999954223633 -0.20902083814144135 -0.2288781851530075 0.3668573200702667 6.015500068664551 1.3416999578475952 5.133999824523926 0.20296862721443176 3.0820000171661377 1.173799991607666 -15.245782852172852 1.4848504066467285 2355.6201171875 2025_02_18_16:53:27 -36430.624755859375
0.008100000210106373 -0.020899999886751175 6.0279998779296875 -0.0003000000142492354 0.00863999966531992 7.374000072479248 0.05628851801156998 -0.2786732614040375 0.196039617061615 0.21118535101413727 4.697999954223633 -0.20902083814144135 -0.2288781851530075 0.3668573200702667 6.015500068664551 1.3416999578475952 5.133999824523926 0.20296862721443176 3.0820000171661377 1.173799991607666 -15.8124361038208 1.5738681554794312 2317.60009765625 2025_02_18_16:53:27 -36631.997314453125
0.008100000210106373 -0.020899999886751175 6.0279998779296875 0.007899999618530273 0.00863999966531992 6.77400016784668 0.05628851801156998 -0.2786732614040375 0.196039617061615 0.21118535101413727 4.697999954223633 -0.20902083814144135 -0.2288781851530075 0.3668573200702667 6.015500068664551 1.3416999578475952 5.133999824523926 0.20296862721443176 3.0820000171661377 1.173799991607666 -16.08403205871582 1.6052088737487793 2335.4599609375 2025_02_18_16:53:27 -36834.46484375
0.008100000210106373 -0.020899999886751175 6.0279998779296875 0.007899999618530273 0.00863999966531992 7.374000072479248 0.05628851801156998 -0.2786732614040375 0.196039617061615 0.21118535101413727 4.697999954223633 -0.20902083814144135 -0.2288781851530075 0.3668573200702667 6.015500068664551 1.3416999578475952 5.133999824523926 0.20296862721443176 3.0820000171661377 1.173799991607666 -16.29246711730957 1.6205023527145386 2357.89990234375 2025_02_18_16:53:28 -37036.179443359375
0.008100000210106373 -0.020899999886751175 6.0279998779296875 0.007899999618530273 0.00863999966531992 7.374000072479248 0.05628851801156998 -0.2786732614040375 0.196039617061615 0.21118535101413727 4.697999954223633 -0.20902083814144135 -0.2288781851530075 0.3668573200702667 6.015500068664551 1.3416999578475952 5.133999824523926 0.20296862721443176 3.0820000171661377 1.173799991607666 -16.689542770385742 1.5666650533676147 2366.2900390625 2025_02_18_16:53:28 -37237.595947265625
0.008100000210106373 -0.020899999886751175 6.0279998779296875 0.007899999618530273 0.00863999966531992 7.374000072479248 0.05628851801156998 -0.2786732614040375 0.196039617061615 0.21118535101413727 4.697999954223633 -0.20902083814144135 -0.2288781851530075 0.3668573200702667 6.015500068664551 1.3416999578475952 5.133999824523926 0.20296862721443176 3.0820000171661377 1.173799991607666 -17.151037216186523 1.6143641471862793 2341.97998046875 2025_02_18_16:53:28 -37439.211669921875
0.008100000210106373 -0.020899999886751175 6.0279998779296875 -0.0003000000142492354 0.0188400000333786 6.77400016784668 0.05628851801156998 -0.2786732614040375 0.196039617061615 0.21118535101413727 4.697999954223633 -0.20902083814144135 -0.2288781851530075 0.3668573200702667 6.015500068664551 1.3416999578475952 5.133999824523926 0.20296862721443176 3.0820000171661377 1.173799991607666 -17.25403594970703 1.7621681690216064 2328.6298828125 2025_02_18_16:53:28 -37642.32177734375
0.008100000210106373 -0.020899999886751175 6.0279998779296875 -0.0003000000142492354 0.0188400000333786 7.374000072479248 0.05628851801156998 -0.2786732614040375 0.196039617061615 0.21118535101413727 4.697999954223633 -0.20902083814144135 -0.2288781851530075 0.3668573200702667 6.015500068664551 1.3416999578475952 5.133999824523926 0.20296862721443176 3.0820000171661377 1.173799991607666 -17.215526580810547 1.9122796058654785 2321.179931640625 2025_02_18_16:53:28 -37844.10400390625
0.008100000210106373 -0.020899999886751175 6.0279998779296875 -0.0003000000142492354 0.0188400000333786 7.374000072479248 0.05628851801156998 -0.2786732614040375 0.196039617061615 0.21118535101413727 4.697999954223633 -0.20902083814144135 -0.2288781851530075 0.3668573200702667 6.015500068664551 1.3416999578475952 5.133999824523926 0.20296862721443176 3.0820000171661377 1.173799991607666 -17.316186904907227 2.054138422012329 2293.860107421875 2025_02_18_16:53:29 -38045.733154296875
0.008100000210106373 -0.020899999886751175 6.0279998779296875 -0.0003000000142492354 0.0188400000333786 7.374000072479248 0.05628851801156998 -0.2786732614040375 0.196039617061615 0.21118535101413727 4.697999954223633 -0.20902083814144135 -0.2288781851530075 0.3668573200702667 6.015500068664551 1.3416999578475952 5.133999824523926 0.20296862721443176 3.0820000171661377 1.173799991607666 -17.485448837280273 2.132920265197754 2267.080078125 2025_02_18_16:53:29 -38247.345947265625
0.008100000210106373 -0.020899999886751175 6.0279998779296875 0.007899999618530273 0.0188400000333786 6.77400016784668 0.05628851801156998 -0.2786732614040375 0.196039617061615 0.21118535101413727 4.697999954223633 -0.20902083814144135 -0.2288781851530075 0.3668573200702667 6.015500068664551 1.3416999578475952 5.133999824523926 0.20296862721443176 3.0820000171661377 1.173799991607666 -17.426841735839844 2.113511800765991 2265.989990234375 2025_02_18_16:53:29 -38450.420654296875
0.008100000210106373 -0.020899999886751175 6.0279998779296875 0.007899999618530273 0.0188400000333786 7.374000072479248 0.05628851801156998 -0.2786732614040375 0.196039617061615 0.21118535101413727 4.697999954223633 -0.20902083814144135 -0.2288781851530075 0.3668573200702667 6.015500068664551 1.3416999578475952 5.133999824523926 0.20296862721443176 3.0820000171661377 1.173799991607666 -17.36126136779785 2.120067834854126 2276.449951171875 2025_02_18_16:53:29 -38652.2216796875
0.008100000210106373 -0.020899999886751175 6.0279998779296875 0.007899999618530273 0.0188400000333786 7.374000072479248 0.05628851801156998 -0.2786732614040375 0.196039617061615 0.21118535101413727 4.697999954223633 -0.20902083814144135 -0.2288781851530075 0.3668573200702667 6.015500068664551 1.3416999578475952 5.133999824523926 0.20296862721443176 3.0820000171661377 1.173799991607666 -17.353321075439453 2.132704973220825 2274.659912109375 2025_02_18_16:53:29 -38853.90625
0.008100000210106373 -0.020899999886751175 6.0279998779296875 0.007899999618530273 0.0188400000333786 7.374000072479248 0.05628851801156998 -0.2786732614040375 0.196039617061615 0.21118535101413727 4.697999954223633 -0.20902083814144135 -0.2288781851530075 0.3668573200702667 6.015500068664551 1.3416999578475952 5.133999824523926 0.20296862721443176 3.0820000171661377 1.173799991607666 -17.441442489624023 2.114809036254883 2260.419921875 2025_02_18_16:53:30 -39055.599609375
0.011760000139474869 -0.020899999886751175 6.0279998779296875 -0.0003000000142492354 0.00863999966531992 6.77400016784668 0.05628851801156998 -0.2786732614040375 0.196039617061615 0.21118535101413727 4.697999954223633 -0.20902083814144135 -0.2288781851530075 0.3668573200702667 6.015500068664551 1.3416999578475952 5.133999824523926 0.20296862721443176 3.0820000171661377 1.173799991607666 -17.42347526550293 2.1236884593963623 2268.68994140625 2025_02_18_16:53:30 -39258.16552734375
0.011760000139474869 -0.020899999886751175 6.0279998779296875 -0.0003000000142492354 0.00863999966531992 7.374000072479248 0.05628851801156998 -0.2786732614040375 0.196039617061615 0.21118535101413727 4.697999954223633 -0.20902083814144135 -0.2288781851530075 0.3668573200702667 6.015500068664551 1.3416999578475952 5.133999824523926 0.20296862721443176 3.0820000171661377 1.173799991607666 -17.363588333129883 2.1421830654144287 2279.14990234375 2025_02_18_16:53:30 -39459.776123046875
0.011760000139474869 -0.020899999886751175 6.0279998779296875 -0.0003000000142492354 0.00863999966531992 7.374000072479248 0.05628851801156998 -0.2786732614040375 0.196039617061615 0.21118535101413727 4.697999954223633 -0.20902083814144135 -0.2288781851530075 0.3668573200702667 6.015500068664551 1.3416999578475952 5.133999824523926 0.20296862721443176 3.0820000171661377 1.173799991607666 -17.353212356567383 2.152942657470703 2280.1201171875 2025_02_18_16:53:30 -39661.3798828125
0.011760000139474869 -0.020899999886751175 6.0279998779296875 -0.0003000000142492354 0.00863999966531992 7.374000072479248 0.05628851801156998 -0.2786732614040375 0.196039617061615 0.21118535101413727 4.697999954223633 -0.20902083814144135 -0.2288781851530075 0.3668573200702667 6.015500068664551 1.3416999578475952 5.133999824523926 0.20296862721443176 3.0820000171661377 1.173799991607666 -17.481792449951172 2.123824119567871 2258.8798828125 2025_02_18_16:53:30 -39862.95751953125
