1MXY1_Y 1MXY1_X 1MS1 1MXY2_Y 1MXY2_X 1MS2 1MXY3_Y 1MXY3_X 1MXY4_Y 1MXY4_X 1MS3 1MXY5_Y 1MXY5_X 1MXY6_Y 1MS4 1MS5 1MS6 1MQ71_X 1MS7 1MS8 1BPM3_X 1BPM3_Y 1BPM3_SUM time milliseconds
0.09947618842124939 -0.19603747129440308 6.0279998779296875 0.030604464933276176 0.08796962350606918 6.77400016784668 0.009224685840308666 -0.27389010787010193 0.12265468388795853 0.2604030668735504 4.697999954223633 -0.1417771279811859 -0.25399208068847656 0.37970978021621704 6.015500068664551 1.3416999578475952 5.133999824523926 0.11135324835777283 3.0820000171661377 1.173799991607666 -5.925727367401123 1.4554450511932373 2646.820068359375 2025_02_18_15:56:08 -234.12890625
0.09947618842124939 -0.19603747129440308 6.0279998779296875 0.030604464933276176 0.08796962350606918 6.77400016784668 0.009224685840308666 -0.27389010787010193 0.12265468388795853 0.2604030668735504 4.697999954223633 -0.1417771279811859 -0.25399208068847656 0.37970978021621704 6.015500068664551 1.3416999578475952 5.133999824523926 0.11135324835777283 3.0820000171661377 1.173799991607666 -5.910128116607666 1.4423457384109497 2647.68994140625 2025_02_18_15:56:08 -1048.86474609375
0.09947618842124939 -0.19603747129440308 6.0279998779296875 0.030604464933276176 0.08796962350606918 6.77400016784668 0.009224685840308666 -0.27389010787010193 0.12265468388795853 0.2604030668735504 4.697999954223633 -0.1417771279811859 -0.25399208068847656 0.37970978021621704 6.015500068664551 1.3416999578475952 5.133999824523926 0.11135324835777283 3.0820000171661377 1.173799991607666 -5.910880088806152 1.444167137145996 2645.68994140625 2025_02_18_15:56:09 -1250.646484375
0.09947618842124939 -0.19603747129440308 6.0279998779296875 0.030604464933276176 0.08796962350606918 6.77400016784668 0.009224685840308666 -0.27389010787010193 0.12265468388795853 0.2604030668735504 4.697999954223633 -0.1417771279811859 -0.25399208068847656 0.37970978021621704 6.015500068664551 1.3416999578475952 5.133999824523926 0.11135324835777283 3.0820000171661377 1.173799991607666 -5.898488998413086 1.450467824935913 2645.199951171875 2025_02_18_15:56:09 -1452.555419921875
0.09947618842124939 -0.19603747129440308 6.0279998779296875 0.030604464933276176 0.08796962350606918 6.77400016784668 0.009224685840308666 -0.27389010787010193 0.12265468388795853 0.2604030668735504 4.697999954223633 -0.1417771279811859 -0.25399208068847656 0.3924500048160553 6.015500068664551 1.3416999578475952 5.133999824523926 0.11135324835777283 3.0820000171661377 1.173799991607666 -5.904367446899414 1.4456883668899536 2645.110107421875 2025_02_18_15:56:09 -1667.71875
0.09947618842124939 -0.19603747129440308 6.0279998779296875 0.030604464933276176 0.08796962350606918 6.77400016784668 0.009224685840308666 -0.27389010787010193 0.12265468388795853 0.2604030668735504 4.697999954223633 -0.1417771279811859 -0.25399208068847656 0.3924500048160553 6.015500068664551 1.3416999578475952 5.133999824523926 0.11135324835777283 3.0820000171661377 1.173799991607666 -5.904322624206543 1.4341028928756714 2648.27001953125 2025_02_18_15:56:09 -1884.20703125
0.09947618842124939 -0.19603747129440308 6.0279998779296875 0.030604464933276176 0.08796962350606918 6.77400016784668 0.009224685840308666 -0.27389010787010193 0.12265468388795853 0.2604030668735504 4.697999954223633 -0.1417771279811859 -0.25399208068847656 0.3924500048160553 6.015500068664551 1.3416999578475952 5.133999824523926 0.11135324835777283 3.0820000171661377 1.173799991607666 -5.896825790405273 1.423926591873169 2646.27001953125 2025_02_18_15:56:09 -2088.040283203125
0.10484832525253296 -0.20223082602024078 6.0279998779296875 0.020900771021842957 0.16270765662193298 6.77400016784668 0.06670869886875153 -0.2874627709388733 0.07066723704338074 0.2137754261493683 4.697999954223633 -0.23250551521778107 -0.14162622392177582 0.45636406540870667 6.015500068664551 1.3416999578475952 5.133999824523926 0.23587842285633087 3.0820000171661377 1.173799991607666 -5.884403705596924 1.4058040380477905 2644.090087890625 2025_02_18_15:56:10 -2294.237548828125
0.10484832525253296 -0.20223082602024078 6.0279998779296875 0.020900771021842957 0.16270765662193298 6.77400016784668 0.06670869886875153 -0.2874627709388733 0.07066723704338074 0.2137754261493683 4.697999954223633 -0.23250551521778107 -0.14162622392177582 0.45636406540870667 6.015500068664551 1.3416999578475952 5.133999824523926 0.23587842285633087 3.0820000171661377 1.173799991607666 -5.71768856048584 1.5233536958694458 2647.159912109375 2025_02_18_15:56:10 -2495.879638671875
0.10484832525253296 -0.20223082602024078 6.0279998779296875 0.020900771021842957 0.16270765662193298 6.77400016784668 0.06670869886875153 -0.2874627709388733 0.07066723704338074 0.2137754261493683 4.697999954223633 -0.23250551521778107 -0.14162622392177582 0.45636406540870667 6.015500068664551 1.3416999578475952 5.133999824523926 0.23587842285633087 3.0820000171661377 1.173799991607666 -5.459486484527588 1.7186944484710693 2647.699951171875 2025_02_18_15:56:10 -2697.74462890625
0.1047583743929863 -0.2067687064409256 6.0279998779296875 0.06278783082962036 0.10536665469408035 6.77400016784668 -0.010563302785158157 -0.28722888231277466 0.1154312863945961 0.23374421894550323 4.697999954223633 -0.20592232048511505 -0.1595878154039383 0.38048017024993896 6.015500068664551 1.3416999578475952 5.133999824523926 0.17012812197208405 3.0820000171661377 1.173799991607666 -5.187334060668945 1.9248623847961426 2651.2900390625 2025_02_18_15:56:10 -2903.7197265625
0.1047583743929863 -0.2067687064409256 6.0279998779296875 0.06278783082962036 0.10536665469408035 6.77400016784668 -0.010563302785158157 -0.28722888231277466 0.1154312863945961 0.23374421894550323 4.697999954223633 -0.20592232048511505 -0.1595878154039383 0.38048017024993896 6.015500068664551 1.3416999578475952 5.133999824523926 0.17012812197208405 3.0820000171661377 1.173799991607666 -5.026390075683594 2.0375165939331055 2654.830078125 2025_02_18_15:56:10 -3108.132568359375
0.1047583743929863 -0.2067687064409256 6.0279998779296875 0.06278783082962036 0.10536665469408035 6.77400016784668 -0.010563302785158157 -0.28722888231277466 0.1154312863945961 0.23374421894550323 4.697999954223633 -0.20592232048511505 -0.1595878154039383 0.38048017024993896 6.015500068664551 1.3416999578475952 5.133999824523926 0.17012812197208405 3.0820000171661377 1.173799991607666 -4.778157711029053 2.2237606048583984 2656.830078125 2025_02_18_15:56:11 -3311.001953125
0.08264004439115524 -0.1936405748128891 6.0279998779296875 0.03086964040994644 0.09443775564432144 6.77400016784668 0.03750424459576607 -0.4199139475822449 0.2545318603515625 0.2792673707008362 4.697999954223633 -0.2586839199066162 -0.228249192237854 0.39569106698036194 6.015500068664551 1.3416999578475952 5.133999824523926 0.026748428121209145 3.0820000171661377 1.173799991607666 -4.734489440917969 2.2567217350006104 2656.919921875 2025_02_18_15:56:11 -3517.587890625
0.08264004439115524 -0.1936405748128891 6.0279998779296875 0.03086964040994644 0.09443775564432144 6.77400016784668 0.03750424459576607 -0.4199139475822449 0.2545318603515625 0.2792673707008362 4.697999954223633 -0.2586839199066162 -0.228249192237854 0.39569106698036194 6.015500068664551 1.3416999578475952 5.133999824523926 0.026748428121209145 3.0820000171661377 1.173799991607666 -4.21069860458374 2.275244951248169 2662.0400390625 2025_02_18_15:56:11 -3719.476318359375
0.08264004439115524 -0.1936405748128891 6.0279998779296875 0.03086964040994644 0.09443775564432144 6.77400016784668 0.03750424459576607 -0.4199139475822449 0.2545318603515625 0.2792673707008362 4.697999954223633 -0.2586839199066162 -0.228249192237854 0.39569106698036194 6.015500068664551 1.3416999578475952 5.133999824523926 0.026748428121209145 3.0820000171661377 1.173799991607666 -3.7952845096588135 2.3133742809295654 2662.27001953125 2025_02_18_15:56:11 -3921.1416015625
0.10617366433143616 -0.18452176451683044 6.0279998779296875 0.00724467309191823 0.0901547372341156 6.77400016784668 0.010101212188601494 -0.28326651453971863 0.19059771299362183 0.30885592103004456 4.697999954223633 -0.1980924755334854 -0.1510714441537857 0.4250136911869049 6.015500068664551 1.3416999578475952 5.133999824523926 0.19619795680046082 3.0820000171661377 1.173799991607666 -3.4616525173187256 2.323720932006836 2661.860107421875 2025_02_18_15:56:11 -4127.73681640625
0.10617366433143616 -0.18452176451683044 6.0279998779296875 0.00724467309191823 0.0901547372341156 6.77400016784668 0.010101212188601494 -0.28326651453971863 0.19059771299362183 0.30885592103004456 4.697999954223633 -0.1980924755334854 -0.1510714441537857 0.4250136911869049 6.015500068664551 1.3416999578475952 5.133999824523926 0.19619795680046082 3.0820000171661377 1.173799991607666 -3.040848731994629 2.342902421951294 2661.6298828125 2025_02_18_15:56:12 -4329.675048828125
0.10617366433143616 -0.18452176451683044 6.0279998779296875 0.00724467309191823 0.0901547372341156 6.77400016784668 0.010101212188601494 -0.28326651453971863 0.19059771299362183 0.30885592103004456 4.697999954223633 -0.1980924755334854 -0.1510714441537857 0.4250136911869049 6.015500068664551 1.3416999578475952 5.133999824523926 0.19619795680046082 3.0820000171661377 1.173799991607666 -2.765897274017334 2.3602077960968018 2658.830078125 2025_02_18_15:56:12 -4531.484619140625
0.11552692204713821 -0.2044275850057602 6.0279998779296875 0.005371988285332918 0.16962307691574097 6.77400016784668 0.05444769561290741 -0.4118203818798065 0.12914438545703888 0.2834198474884033 4.697999954223633 -0.1320408135652542 -0.217521533370018 0.41205525398254395 6.015500068664551 1.3416999578475952 5.133999824523926 0.2785874605178833 3.0820000171661377 1.173799991607666 -2.405275583267212 2.4220495223999023 2660.909912109375 2025_02_18_15:56:12 -4737.86572265625
0.11552692204713821 -0.2044275850057602 6.0279998779296875 0.005371988285332918 0.16962307691574097 6.77400016784668 0.05444769561290741 -0.4118203818798065 0.12914438545703888 0.2834198474884033 4.697999954223633 -0.1320408135652542 -0.217521533370018 0.41205525398254395 6.015500068664551 1.3416999578475952 5.133999824523926 0.2785874605178833 3.0820000171661377 1.173799991607666 -2.2232775688171387 2.335707187652588 2662.31005859375 2025_02_18_15:56:12 -4939.751953125
0.11552692204713821 -0.2044275850057602 6.0279998779296875 0.005371988285332918 0.16962307691574097 6.77400016784668 0.05444769561290741 -0.4118203818798065 0.12914438545703888 0.2834198474884033 4.697999954223633 -0.1320408135652542 -0.217521533370018 0.41205525398254395 6.015500068664551 1.3416999578475952 5.133999824523926 0.2785874605178833 3.0820000171661377 1.173799991607666 -2.043320655822754 2.2377283573150635 2661.570068359375 2025_02_18_15:56:12 -5141.4658203125
0.08478514105081558 -0.19890014827251434 6.0279998779296875 0.06953532993793488 0.1273903101682663 6.77400016784668 0.00646767346188426 -0.42749524116516113 0.2283259779214859 0.3131084442138672 4.697999954223633 -0.21738287806510925 -0.2254805862903595 0.3086067736148834 6.015500068664551 1.3416999578475952 5.133999824523926 0.13060946762561798 3.0820000171661377 1.173799991607666 -1.7049936056137085 2.1021926403045654 2664.010009765625 2025_02_18_15:56:13 -5347.922119140625
0.08478514105081558 -0.19890014827251434 6.0279998779296875 0.06953532993793488 0.1273903101682663 6.77400016784668 0.00646767346188426 -0.42749524116516113 0.2283259779214859 0.3131084442138672 4.697999954223633 -0.21738287806510925 -0.2254805862903595 0.3086067736148834 6.015500068664551 1.3416999578475952 5.133999824523926 0.13060946762561798 3.0820000171661377 1.173799991607666 -0.9855679273605347 2.149545431137085 2668.969970703125 2025_02_18_15:56:13 -5758.802001953125
0.1104690432548523 -0.17799130082130432 6.0279998779296875 0.020871508866548538 0.1284448802471161 6.77400016784668 0.05493730679154396 -0.4375614821910858 0.17691642045974731 0.27752307057380676 4.697999954223633 -0.1768294721841812 -0.1263899952173233 0.3903482258319855 6.015500068664551 1.3416999578475952 5.133999824523926 0.21557936072349548 3.0820000171661377 1.173799991607666 -0.6384400725364685 2.181802272796631 2668.7099609375 2025_02_18_15:56:13 -5993.440673828125
0.1104690432548523 -0.17799130082130432 6.0279998779296875 0.020871508866548538 0.1284448802471161 6.77400016784668 0.05493730679154396 -0.4375614821910858 0.17691642045974731 0.27752307057380676 4.697999954223633 -0.1768294721841812 -0.1263899952173233 0.3903482258319855 6.015500068664551 1.3416999578475952 5.133999824523926 0.21557936072349548 3.0820000171661377 1.173799991607666 0.26995524764060974 1.8692930936813354 2664.7099609375 2025_02_18_15:56:13 -6215.810791015625
0.1104690432548523 -0.17799130082130432 6.0279998779296875 0.020871508866548538 0.1284448802471161 6.77400016784668 0.05493730679154396 -0.4375614821910858 0.17691642045974731 0.27752307057380676 4.697999954223633 -0.1768294721841812 -0.1263899952173233 0.3903482258319855 6.015500068664551 1.3416999578475952 5.133999824523926 0.21557936072349548 3.0820000171661377 1.173799991607666 0.3234997093677521 1.8148976564407349 2663.5400390625 2025_02_18_15:56:14 -6417.61328125
0.11003924161195755 -0.20791463553905487 6.0279998779296875 0.059695497155189514 0.16364270448684692 6.77400016784668 0.051150042563676834 -0.43827930092811584 0.24396656453609467 0.33563166856765747 4.697999954223633 -0.21247704327106476 -0.31816211342811584 0.5020814538002014 6.015500068664551 1.3416999578475952 5.133999824523926 0.2233281284570694 3.0820000171661377 1.173799991607666 0.37464234232902527 1.3523837327957153 2662.7900390625 2025_02_18_15:56:14 -6623.46044921875
0.11003924161195755 -0.20791463553905487 6.0279998779296875 0.059695497155189514 0.16364270448684692 6.77400016784668 0.051150042563676834 -0.43827930092811584 0.24396656453609467 0.33563166856765747 4.697999954223633 -0.21247704327106476 -0.31816211342811584 0.5020814538002014 6.015500068664551 1.3416999578475952 5.133999824523926 0.2233281284570694 3.0820000171661377 1.173799991607666 0.30872005224227905 1.035062313079834 2663.68994140625 2025_02_18_15:56:14 -6827.13623046875
0.11003924161195755 -0.20791463553905487 6.0279998779296875 0.059695497155189514 0.16364270448684692 6.77400016784668 0.051150042563676834 -0.43827930092811584 0.24396656453609467 0.33563166856765747 4.697999954223633 -0.21247704327106476 -0.31816211342811584 0.5020814538002014 6.015500068664551 1.3416999578475952 5.133999824523926 0.2233281284570694 3.0820000171661377 1.173799991607666 0.26850825548171997 0.7354946732521057 2662.449951171875 2025_02_18_15:56:14 -7029.141845703125
0.09198462218046188 -0.2012796401977539 6.0279998779296875 0.05935484543442726 0.18287748098373413 6.77400016784668 0.05640791729092598 -0.32783326506614685 0.12517637014389038 0.3318476676940918 4.697999954223633 -0.14182516932487488 -0.20026881992816925 0.3544677197933197 6.015500068664551 1.3416999578475952 5.133999824523926 0.23719879984855652 3.0820000171661377 1.173799991607666 0.3170897662639618 0.4031822085380554 2664.31005859375 2025_02_18_15:56:15 -7234.433349609375
0.09198462218046188 -0.2012796401977539 6.0279998779296875 0.05935484543442726 0.18287748098373413 6.77400016784668 0.05640791729092598 -0.32783326506614685 0.12517637014389038 0.3318476676940918 4.697999954223633 -0.14182516932487488 -0.20026881992816925 0.3544677197933197 6.015500068664551 1.3416999578475952 5.133999824523926 0.23719879984855652 3.0820000171661377 1.173799991607666 0.2736130952835083 0.3313094973564148 2664.550048828125 2025_02_18_15:56:15 -7436.079833984375
0.09198462218046188 -0.2012796401977539 6.0279998779296875 0.05935484543442726 0.18287748098373413 6.77400016784668 0.05640791729092598 -0.32783326506614685 0.12517637014389038 0.3318476676940918 4.697999954223633 -0.14182516932487488 -0.20026881992816925 0.3544677197933197 6.015500068664551 1.3416999578475952 5.133999824523926 0.23719879984855652 3.0820000171661377 1.173799991607666 0.17572981119155884 0.22296060621738434 2667.030029296875 2025_02_18_15:56:15 -7637.910888671875
