1MXY1_Y 1MXY1_X 1MS1 1MXY2_Y 1MXY2_X 1MS2 1MXY3_Y 1MXY3_X 1MXY4_Y 1MXY4_X 1MS3 1MXY5_Y 1MXY5_X 1MXY6_Y 1MS4 1MS5 1MS6 1MQ71_X 1MS7 1MS8 1BPM3_Y 1BPM3_X 1BPM3_SUM time milliseconds
6.127885359691577 6.0050021510445335 6.0550058636738235 6.044642147629765 6.147294242832802 6.135339897484582 6.178435913540969 6.017387766525883 6.084384363937054 6.0059594438876145 6.04372759496072 6.101071057620673 6.005307193936773 6.03976753013733 6.129976887555904 6.108988296120644 6.044088124408139 6.117853136775182 6.161886091335566 6.001299751935612 6.161163850366561 6.139627878997645 6.068050103303598 2025_01_23_18:16:10 -206.2509765625
6.031095899962357 6.191442614441356 6.067318909022525 6.01854916867603 6.019343275366693 6.169498873269492 6.120745206273378 6.1614256546548765 6.145946357338763 6.10724561829094 6.194623152795874 6.0757068754416705 6.1104081262546455 6.165880932850599 6.12370395047285 6.172341380062155 6.115470429051353 6.140914367242985 6.009164876731132 6.045579655130309 6.057877592720422 6.015958395384725 6.046558177272206 2025_01_23_18:16:10 -436.57373046875
6.020200285881946 6.055594720622018 6.12713688885288 6.072966435794017 6.074036193423376 6.041901406154298 6.053395564409823 6.187330917542499 6.129607077049319 6.1218262011333975 6.034227729639619 6.14582535959007 6.032680498752386 6.075891088351529 6.197904670127319 6.127999951970819 6.11138994875493 6.136922850197975 6.168570384037962 6.155199982309249 6.045809614392821 6.006420048780807 6.063090609611816 2025_01_23_18:16:10 -637.619384765625
6.05354817519514 6.042196568717265 6.188581942867011 6.175273525294534 6.0629355761596955 6.131087733058976 6.0791263802121325 6.182909517948109 6.09177037051748 6.05297603329961 6.049325501538797 6.11227362683263 6.052548321704587 6.116917198044708 6.179564576720495 6.079880101028079 6.043864151831457 6.199507521299022 6.101905258735293 6.018181882434758 6.009423275084947 6.0219298260701315 6.125489208340618 2025_01_23_18:16:11 -839.060302734375
6.158415872872593 6.084431993359937 6.012705541230392 6.076323857301308 6.199224276048019 6.1058228690198275 6.194215675522724 6.1721559404469 6.002296204388564 6.144144363872039 6.136342073805315 6.107394066081759 6.053365037990509 6.128192359715961 6.022310434719175 6.086953050133821 6.0907447412658415 6.190763185504216 6.1751705880756385 6.052677810150218 6.100117222610059 6.035730376106026 6.182525567868964 2025_01_23_18:16:11 -1040.59375
6.174103713967353 6.059688958289726 6.127789898973201 6.121794042287634 6.030567853709927 6.152502160015031 6.107875806023925 6.1557252957261115 6.106070734439036 6.000114379225589 6.064831211400935 6.003895348477166 6.185819723252924 6.175744375564637 6.166333105872236 6.061502825080533 6.011585033298838 6.175601919840808 6.189389889059599 6.017130690413576 6.097198092663323 6.0138425036936765 6.152120433051446 2025_01_23_18:16:11 -1242.38525390625
6.153166885861397 6.025678292899952 6.095056475619746 6.109960718698988 6.053011325788011 6.174486608217052 6.084627588040178 6.042359641088416 6.107859217755892 6.145986213817995 6.0402302126779395 6.062343258260179 6.199029871332179 6.1299756115278905 6.087620016782901 6.103515168207118 6.024200839173653 6.044939467406311 6.067617112429491 6.117661743691446 6.046022946519315 6.0440434768903115 6.0141986172018065 2025_01_23_18:16:11 -1444.08642578125
6.12622059145402 6.045788356762231 6.181084002601225 6.171927080050749 6.014171469977731 6.047600926873799 6.1337955556592565 6.042847361474088 6.026462369745005 6.187102848116134 6.114208618665057 6.094534205262359 6.15692388485815 6.161499399553328 6.0380819828723755 6.019386162845764 6.086210236481276 6.084715724603984 6.093404933607335 6.1458151698919705 6.1346729094586605 6.196833042273194 6.019683574230392 2025_01_23_18:16:11 -1645.7607421875
6.080524256420453 6.067860521078993 6.172334507270558 6.0497312667840575 6.038041781688162 6.089722709566626 6.084376327966881 6.055709028933388 6.04996128957642 6.184653119855202 6.088626149010691 6.1722698209523665 6.110065062489969 6.010117665904977 6.199856493682545 6.16720551701599 6.193799251456951 6.185273396601626 6.169739146882861 6.033262222120783 6.0971282250901435 6.042749459839836 6.08020805850989 2025_01_23_18:16:12 -1847.178466796875
6.011727079994436 6.0757946237953835 6.197061768755945 6.05304061163443 6.156814120389714 6.0910016734678285 6.084601497198032 6.191463528171934 6.199084537898543 6.111153664681123 6.1436816550592654 6.030959365054813 6.059341565098912 6.193741872993832 6.115836058163251 6.108439040274855 6.149595112075813 6.011433054581497 6.116835518891794 6.100570076583903 6.170543978409657 6.031486545587897 6.19215578065489 2025_01_23_18:16:12 -2048.097900390625
6.016022293048118 6.0371649921961446 6.119007021290005 6.135042510720818 6.047040779000186 6.023977322789425 6.178057462825888 6.049243069557725 6.118903830706688 6.123876302066421 6.083844983067174 6.116734457858245 6.1045565431063915 6.186941251547285 6.0408518398847075 6.143238360157883 6.047737190523169 6.0791571693582505 6.134338044591995 6.059999415959752 6.06323543925437 6.15037289848288 6.0145086228986315 2025_01_23_18:16:12 -2249.077880859375
6.091657104523717 6.199690888170888 6.199219289571019 6.0146521442199266 6.042630862453408 6.05304008295008 6.186651875598741 6.1761728347372875 6.175854048496909 6.073905417747777 6.031549366471446 6.166748990927961 6.140707985017475 6.12233555314519 6.197446612726301 6.130795263542146 6.001564621430432 6.163420827023092 6.059875750439995 6.1326777429932156 6.187786000785421 6.026858222878674 6.02308573408382 2025_01_23_18:16:12 -2450.6025390625
6.021407195541883 6.110644728176963 6.054469642462963 6.120965965406045 6.14352243742776 6.040719462465491 6.1268475917770155 6.052796780326082 6.097706370429876 6.181067298215865 6.169220742658971 6.018459693542547 6.084715154512745 6.05533604479445 6.000709137817556 6.1542238446039255 6.127422675460276 6.05239105248687 6.148246181669586 6.1103360842252785 6.085537383796136 6.001933939921668 6.015048772014754 2025_01_23_18:16:12 -2652.308349609375
6.176621278660028 6.180785714311979 6.109118057841105 6.1669190039772035 6.116501913297959 6.0296187571134965 6.025489103856428 6.061651669986027 6.179796297748518 6.159224460977608 6.17214051640018 6.1797849273052945 6.042015307667951 6.049905947844585 6.020558724334357 6.1560232483742885 6.176826940290201 6.0812754779664235 6.124132302030143 6.030910667666441 6.185976203138735 6.172921139243993 6.195241206586193 2025_01_23_18:16:13 -2853.9296875
6.162154343988079 6.176283240932665 6.004957272379638 6.147312894351017 6.066437093589286 6.186163177209665 6.160447027787428 6.172812805675056 6.162149863314878 6.053361141918894 6.1574749018270944 6.0216191252805915 6.174433356581218 6.1717186502675565 6.0444867435091325 6.1633173211193855 6.0920606469357885 6.06103817346772 6.159069099830572 6.045519097481554 6.004732886940291 6.038625957665542 6.065652390239541 2025_01_23_18:16:13 -3055.491455078125
6.172870588406057 6.193377820809673 6.055824998544375 6.128296347721525 6.0799356768720125 6.196229937439652 6.107243146495744 6.187847428064943 6.023068350370285 6.194080122204445 6.035713563234493 6.192506863152311 6.053093272504594 6.021680509442942 6.086912751712929 6.145709012130541 6.062735462838998 6.1212417706612285 6.102284611933896 6.077039086668945 6.1153176086993195 6.0509445012277165 6.141757056766834 2025_01_23_18:16:13 -3257.07666015625
6.000338255643726 6.185115033099817 6.1076903994185585 6.143885999828969 6.148390015567895 6.1341257008865995 6.072844294356253 6.013994762225262 6.132847536982254 6.066040007208519 6.062783129011672 6.169603055901267 6.14395085260279 6.060064453642253 6.061856932441731 6.0816785817238435 6.080480077411545 6.059131040505189 6.025457559811831 6.084089266754582 6.188072734146036 6.135463589054547 6.180561109146517 2025_01_23_18:16:13 -3458.7373046875
6.123102983190276 6.060189974913113 6.10958744262714 6.0000811879394575 6.057382743373785 6.085977629997967 6.115996956239137 6.130941124740614 6.092997638049403 6.088431959860961 6.04274028019782 6.094637237181865 6.180236165165651 6.159204952025356 6.033938279239611 6.016959107345024 6.103090401983043 6.126588171153159 6.06703765108196 6.163684692907333 6.150227627508146 6.134559134111433 6.044928133199457 2025_01_23_18:16:13 -3660.367919921875
6.039825986545315 6.0048850775453655 6.04896850881567 6.0950272688437614 6.169947538924946 6.014565645836914 6.082888202199544 6.1259530761475425 6.0388870473479415 6.139270850098101 6.098875433802087 6.048796887915688 6.131211602222357 6.0011089636276065 6.150192895323695 6.154009237714805 6.021317459312708 6.085029238788547 6.035177336341306 6.191593208455908 6.1035915500887485 6.010043677028128 6.0498396559319945 2025_01_23_18:16:14 -3861.72509765625
6.169667269470332 6.091292365094034 6.160283320344453 6.133515546517271 6.19757849061329 6.119090463693884 6.190007921688631 6.178285185162087 6.122530464552352 6.143854792255193 6.10095563296488 6.166113833944283 6.109574390122166 6.179441620646652 6.148731088431917 6.0949348873646105 6.051838309693004 6.049447947501932 6.127532287355232 6.153162736859433 6.104259962565596 6.125349687396357 6.054919489383508 2025_01_23_18:16:14 -4063.04296875
6.015496670772947 6.057145630172631 6.054343021416437 6.0639419136837525 6.108030444503691 6.027674812303231 6.046252295945638 6.138789962459811 6.141283828338911 6.012845770142776 6.081519873933317 6.108522228100783 6.083154846820631 6.041366877902882 6.084028703554685 6.180967695668035 6.116815882840845 6.1391045972995935 6.171346406460787 6.153118915223614 6.076076205785542 6.001179216716799 6.070351760534365 2025_01_23_18:16:14 -4264.285888671875
6.150695025011877 6.170689590113821 6.190686067694021 6.083804256525965 6.14950313379561 6.1092264619467676 6.120650517788248 6.0441077388647635 6.043884326924287 6.087167195209327 6.005804963989343 6.067225908739676 6.13582837700567 6.080863333827527 6.0330089462407015 6.093478029846462 6.0255255594562325 6.124451392194813 6.005393290381027 6.078804051267941 6.1128783966049545 6.005420409268062 6.128549929601867 2025_01_23_18:16:14 -4465.81201171875
6.027139897446113 6.092339688810302 6.010056926697725 6.075820772837628 6.042332056842296 6.065369160976262 6.152245941578806 6.075825243112828 6.150401964710957 6.166384857031055 6.050454306356476 6.016381246552329 6.003876657410002 6.107883809584507 6.199981565701842 6.069992068744037 6.130028818649975 6.156246609922179 6.130350931048778 6.150846640811905 6.189922346543198 6.039872136472507 6.004076003464067 2025_01_23_18:16:14 -4667.420166015625
6.030476469156958 6.025244194974841 6.1338917689239825 6.1127939163860034 6.043592908181301 6.13989299424923 6.153379619671248 6.03355782867356 6.121449498778186 6.149585130391057 6.02290657427578 6.163860234862217 6.192944154606818 6.021619749931522 6.005135685099493 6.062391448878939 6.135469457370082 6.191634567641179 6.079330888303326 6.143002941009894 6.015199295568612 6.138122883186596 6.125448479120209 2025_01_23_18:16:15 -4869.2451171875
6.020380261089195 6.154496176990245 6.1700586478177595 6.120082322963369 6.024211013013463 6.196768870302934 6.156527069272204 6.06944075306169 6.0856756026469485 6.074114175243611 6.101192157935415 6.068246234972257 6.169915125399916 6.1644661836180115 6.0211077741288 6.192157513442916 6.127117021220289 6.165741462200492 6.141461728741215 6.087097429001536 6.146759060802679 6.193094746247615 6.05401647927748 2025_01_23_18:16:15 -5071.3203125
6.1616398437613515 6.107634581289651 6.096699500776639 6.087114898600779 6.146205242861025 6.053679107609845 6.170342632003867 6.166146203778121 6.017332579611135 6.176326236800555 6.048772687838191 6.092941693320646 6.1220663408461045 6.075797860825653 6.0057399995540175 6.170190567262492 6.036367971431538 6.042423970035948 6.159566471365619 6.068067768632857 6.176063995951645 6.140236750066441 6.055253715151237 2025_01_23_18:16:15 -5272.715576171875
6.002030222887735 6.189612515555406 6.017122592391604 6.144014932820839 6.097715569369758 6.151632930696493 6.138121867889304 6.129180579948191 6.098164267015717 6.158586573626463 6.0186106701109345 6.044319280094506 6.13835743105904 6.0612412060260175 6.1163111170664735 6.094652097751905 6.106184386229153 6.085100762541043 6.149187087342722 6.066158259439186 6.140570988437154 6.054183285395239 6.050280735240189 2025_01_23_18:16:15 -5474.33203125
6.024131176950461 6.038516858690303 6.023910948251011 6.10717279307675 6.152437921896821 6.037029968487532 6.043276927975721 6.096839717442542 6.14491700021861 6.195321404576611 6.104927373821722 6.056599740654991 6.0201052216181585 6.038823515618215 6.045496632696511 6.03588830873708 6.002829673451213 6.106827017853533 6.054862265356653 6.194858986220548 6.110671793359722 6.139483478582039 6.0252558985916815 2025_01_23_18:16:15 -5675.754638671875
6.173692239452588 6.0981757389047555 6.174543946999707 6.114812843925266 6.093879388986102 6.088093759627202 6.036872734078016 6.0102753434367155 6.18821271935362 6.0955458374531375 6.164423129059886 6.080141488450388 6.014816434051128 6.1258891413904 6.010721814858506 6.029839516894731 6.112567919416913 6.0607671023684455 6.1987836245420445 6.023690312442293 6.152888689065239 6.1212635302485925 6.158148165968684 2025_01_23_18:16:16 -5877.029052734375
6.045137427413007 6.104514507026043 6.090102892977751 6.088544200803866 6.172033333165236 6.19800625209336 6.061076048863872 6.1242054642144295 6.121926182449026 6.148017861096909 6.189518040065075 6.04155758116471 6.042205039061079 6.132085627438407 6.031411418676176 6.034762709665287 6.015012973780234 6.000535144520577 6.090100740923541 6.118762239023913 6.058251857806206 6.046295246911205 6.141391165975807 2025_01_23_18:16:16 -6077.871337890625
6.1405975116187435 6.090806265281409 6.137476984014248 6.18478220889651 6.157565605329347 6.125011601432845 6.132236608570674 6.186733691689103 6.085027793220842 6.108912475742116 6.129526944680496 6.181682289042521 6.1653262319300115 6.014281967371163 6.0331845578441445 6.0615223625228465 6.149791544413925 6.113841409863818 6.057722117661168 6.024870731634942 6.137735598242418 6.139946736995143 6.188535248148808 2025_01_23_18:16:16 -6278.560791015625
6.1000944354235855 6.098759043869017 6.01608837037986 6.007972156836723 6.086405732832154 6.06446431667166 6.050073580482401 6.018265377326197 6.192382220438567 6.1671917227812365 6.115039821843986 6.19015725556127 6.1999144833754904 6.134456316860648 6.053902205193411 6.008046334628923 6.151253766082512 6.094100164650326 6.130301897886738 6.183214557585353 6.036297829444625 6.117065925055571 6.126956943890818 2025_01_23_18:16:16 -6479.246337890625
6.098345160438202 6.018248481258765 6.0695922112589304 6.066661678733018 6.134026701904237 6.171546618880071 6.065960732715793 6.138734734796686 6.057643559072291 6.189038707912642 6.162713206947594 6.110019321794357 6.090965181720346 6.062903431434034 6.064654757255199 6.194036945361716 6.080835011400149 6.102919250465821 6.197623842956351 6.131532077296626 6.108518718871439 6.082649514159864 6.037516508278905 2025_01_23_18:16:16 -6680.183837890625
6.072355871830335 6.1512886308111145 6.125081748429002 6.151998107212203 6.040711647670054 6.109843927817066 6.18553455216889 6.087623219014476 6.139650005824435 6.024285216672524 6.1946293631643385 6.121774333416393 6.0478594924655305 6.031675632761046 6.110167801400534 6.1104502818107465 6.018641840256304 6.198451427879044 6.182585975696834 6.092289578835756 6.023493229817912 6.16642863475378 6.099675100941439 2025_01_23_18:16:17 -6881.068603515625
6.143320665198358 6.101774403013902 6.054684979342655 6.166944789115339 6.1960489265206755 6.048746181215027 6.110253015376094 6.07671720264943 6.184373629986313 6.1016481783185785 6.175865251029295 6.172805386885718 6.055249480564409 6.158001236400622 6.082988484710269 6.186849678736504 6.101547535161932 6.164109894637115 6.056567796656565 6.059711169954354 6.117387544482832 6.199780466645867 6.09792806933114 2025_01_23_18:16:17 -7082.599609375
6.029719083676558 6.107716115540775 6.069024788338601 6.110383483414163 6.108686012591734 6.0910689233733 6.0643554700458076 6.037730474741421 6.139499685524115 6.11435952839698 6.046712489211578 6.155108895019851 6.0087294598194605 6.148941030313039 6.141045576205 6.162281780512975 6.077215750498197 6.132737765896907 6.164149510341911 6.196163627731957 6.099065729923285 6.007403922269115 6.100458230026593 2025_01_23_18:16:17 -7283.66064453125
6.118036085861913 6.173940062672443 6.174838074810862 6.088061241954136 6.105190217361512 6.091385614894849 6.1444887655141285 6.081995723949273 6.130956265285547 6.03087224375431 6.093898120196946 6.193840726114844 6.067712246810286 6.138540919717377 6.129967330515854 6.1703530584701385 6.170468267313178 6.171868436833654 6.076001879504531 6.0633322307866795 6.143743485044596 6.151880361866873 6.174476603479707 2025_01_23_18:16:17 -7484.740966796875
6.007179819967537 6.01368414943631 6.126232203370928 6.18418581975606 6.199485184591243 6.149353273347585 6.086794294384625 6.01968862527664 6.126749565756159 6.174515846521418 6.088735710332341 6.138800232558647 6.180684812410097 6.009198193735442 6.159228693032443 6.0586735551930415 6.074968217955063 6.029113959139879 6.106233263629752 6.113185612383187 6.1585038947761905 6.0339967298136195 6.015793670131999 2025_01_23_18:16:17 -7686.261474609375
6.174167919728971 6.123942073707483 6.048165958371262 6.182565803204711 6.028623544025702 6.092229982670999 6.0507954678827085 6.051065341631831 6.001879486290974 6.160926615395029 6.180241884719776 6.135522177139816 6.031595124414357 6.0883459567207625 6.0691131248886165 6.117514341025284 6.1277877404720025 6.084861787692179 6.05001964488154 6.1690607850285195 6.039843399821779 6.076938649793469 6.096641612211843 2025_01_23_18:16:18 -7886.982666015625
6.047441140385515 6.114384538470148 6.114962386035729 6.19853840872538 6.059046150776654 6.195588896915373 6.131645963185736 6.054896076035646 6.11318580339114 6.137159898546803 6.148933768233065 6.0098088501552 6.121281298615295 6.099345457304774 6.180831058178745 6.057238830291839 6.15977202390152 6.121412999632853 6.070464191167063 6.127323575601179 6.124178232626061 6.1355528917246716 6.144185675334142 2025_01_23_18:16:18 -8088.402587890625
6 6 6 6 6 6 6 6 6 6 6 6 6 6 6 6 6 6 6 6 6 6 6 2025_01_23_18:16:18 -8289.8388671875
6.131836308063351 6.167667423392503 6.12564962073738 6.180680740814593 6.129268121778105 6.061786576790527 6.088164638032563 6.115914761073681 6.146471953587848 6.018026675149244 6.059022090325831 6.149496172987674 6.035128014088861 6.026431959549357 6.1078815517968845 6.1942979162422676 6.106170474740557 6.18269739489634 6.16609452391348 6.051394016912653 6.164937962508481 6.096369565974748 6.161297698758753 2025_01_23_18:16:22 -12517.970947265625
6.149311870143409 6.067743050760377 6.023033941489952 6.192578658573775 6.028151403001177 6.193300041892551 6.172028119379764 6.144843342415103 6.19598844855638 6.1934539494600065 6.160917528804112 6.073155009881114 6.158136393717787 6.00278373102018 6.107314461653812 6.090957205546775 6.134565676374751 6.134468159470202 6.116912018330433 6.164483460245354 6.188058378355911 6.021669220439846 6.046764380442316 2025_01_23_18:16:27 -16750.922119140625
6.005004929929297 6.176846969042971 6.112281476449976 6.183051181748632 6.044273440014798 6.012643408232039 6.164771070278089 6.181877527685579 6.06043803490585 6.081659171159083 6.027955402501444 6.189252306576389 6.060872916871201 6.098524923795641 6.019438399724364 6.1774518617057 6.027132809741268 6.090728751377778 6.134097243770034 6.148628024304634 6.189194817155887 6.083825350682945 6.148453802953063 2025_01_23_18:16:27 -16952.10009765625
6.030904580481967 6.082976905487361 6.019804326942106 6.097869407557923 6.08162317713954 6.190304305076212 6.00654325737101 6.074105991746887 6.0886766172121405 6.190111033970285 6.171090038661191 6.019870924921226 6.137136053096257 6.108893172296429 6.195568505890409 6.071734768242464 6.079627928548875 6.037961712432216 6.0244319438174525 6.169606637692736 6.090943473714104 6.132553747612396 6.1283408934466435 2025_01_23_18:16:27 -17153.331298828125
6.119429191903909 6.004271490947274 6.157358918090924 6.048713779432805 6.025184777061608 6.112915595181593 6.013722030564871 6.153031475177717 6.041431474069332 6.043190270383735 6.173939085353909 6.065711910686446 6.0295108359882885 6.180106207126352 6.000567110296004 6.171681225276036 6.028937596064101 6.025998426288687 6.050130839345624 6.034899424180279 6.132211528519464 6.00515602995724 6.002972065446142 2025_01_23_18:16:27 -17354.651611328125
6.157996932846951 6.047586321218093 6.064754292392404 6.034849240281235 6.0104798035722355 6.14834361139083 6.105217105319573 6.149133055006799 6.09524919308465 6.1556034078628405 6.102647591521839 6.021810802000769 6.100767737957164 6.189083128594021 6.0086730073798345 6.156645399196076 6.173396181551968 6.104290242942617 6.091608504419536 6.192805236624405 6.012165081498901 6.095796382199673 6.080323450902512 2025_01_23_18:16:27 -17555.91015625
6.1372194992124465 6.098053770828845 6.181940165823046 6.01469814315329 6.016158095482158 6.121659484726688 6.0131364466640225 6.0550031999115905 6.126615344860203 6.1096712868096725 6.0650370886637335 6.198925551172184 6.106111367486265 6.090743083515094 6.121085358307063 6.019835692335809 6.140355883709213 6.170558547459115 6.130183332976261 6.153792546020948 6.14416798333152 6.0430046132654995 6.090310983193056 2025_01_23_18:16:28 -17757.103759765625
6.045698714872917 6.067786323767035 6.090699780581489 6.083197930052299 6.019017167855126 6.085352801252192 6.133021572612062 6.074860204687107 6.030527784953745 6.184597007146877 6.01342666162733 6.1663543776949705 6.018646020340736 6.019312886513157 6.147759199697743 6.162353857055479 6.11127414712307 6.117293016547896 6.112317282798415 6.065929196283241 6.024446257070911 6.070719615926754 6.133068104000583 2025_01_23_18:16:28 -17958.29541015625
6.150056850050295 6.173618429773813 6.14421213574923 6.193679725062295 6.120082018244935 6.07032923713863 6.115583703677971 6.042547761134402 6.1313472605976305 6.044848973821513 6.0216436763854535 6.169074683720269 6.07351221012307 6.15252112638737 6.114820000866293 6.161444274230469 6.169031032265671 6.1949093204251415 6.163685371908134 6.122714656107093 6.128539832765966 6.005250766290716 6.185816858198987 2025_01_23_18:16:28 -18159.423828125
6.165892157991933 6.053489545030822 6.036083214392171 6.140539754573121 6.061796937765982 6.067964931355451 6.001221157880732 6.173972541307288 6.113264218952275 6.080156868799903 6.028374930830254 6.126634402531103 6.006131419676181 6.149222352401141 6.043026576006702 6.0839664987529005 6.068179196353866 6.074010618495401 6.144319193548535 6.155367123993348 6.11351871132288 6.016991407995436 6.010521765285104 2025_01_23_18:16:28 -18360.577880859375
6.0314819794214305 6.123567636385206 6.134793742122622 6.054420568709244 6.132387738561652 6.0971323409782 6.088408837339556 6.054633368872954 6.150988628733674 6.02276350162204 6.085982726679578 6.05664929401609 6.135697250952027 6.09732655067285 6.1334265117472695 6.009083472520886 6.079052679217526 6.11986499138889 6.001537417179977 6.060283872403687 6.042246795844062 6.027446961051465 6.051103900804292 2025_01_23_18:16:28 -18561.701904296875
6.065624471187569 6.001545981313862 6.149402824685954 6.035138960375169 6.076041489143047 6.140734252676532 6.100052469311243 6.166670840483976 6.161240037313353 6.014415099318431 6.172352872404518 6.008460452312558 6.003748307317129 6.184232486900482 6.1724220027224135 6.115151832147366 6.114679936177168 6.141899792313787 6.083538791968696 6.023034674532759 6.004171311804949 6.064953635889103 6.160264430862091 2025_01_23_18:16:29 -18762.941650390625
6.123625052660848 6.166405182614342 6.183953950348277 6.017625976259577 6.168896871962939 6.0486632949645465 6.1177742576605825 6.104792508600126 6.079153339371866 6.062054912367172 6.067902656229693 6.066613724498627 6.033626541609137 6.102096656908429 6.022805327967711 6.101990412464595 6.18118454631601 6.069875053094476 6.145475821134781 6.163789720304971 6.1630074011500025 6.047253769789345 6.0292888436555385 2025_01_23_18:16:29 -18964.24658203125
6.039454360564797 6.120479797054633 6.152043059109379 6.131101802103748 6.0354292257894455 6.154569617849512 6.098823405003477 6.1508891650493975 6.15197542992155 6.0897810513990125 6.184830851677132 6.11289835668056 6.127059663812119 6.124904355888379 6.172849374966283 6.125443481379954 6.030191480278615 6.0136572516991516 6.088441612767257 6.060564087027803 6.054934733497232 6.011234424042615 6.101467377057956 2025_01_23_18:16:29 -19165.42333984375
6.062081570121262 6.090382772740137 6.011378010166791 6.166339326332625 6.015346200234691 6.172850006785048 6.171058674291218 6.123001677683114 6.101413563466791 6.092542331785454 6.110863274267661 6.158363559453072 6.1791753531113605 6.0899467407301815 6.161963183539594 6.130367490929722 6.064305352576086 6.095125805588614 6.030172215339127 6.0123747400202205 6.020700375454078 6.179825366791155 6.068687555167654 2025_01_23_18:16:29 -19366.29833984375
6.142863109833493 6.100909800300191 6.034511782287273 6.049548744719657 6.087551654861847 6.087884358352525 6.104549607053109 6.031749241596308 6.074570396420265 6.056578715722884 6.081753879449464 6.067673429368284 6.119577172476598 6.157845386312733 6.1294610713938615 6.013182370855944 6.018901189503019 6.135675868968017 6.056829394775622 6.144746731000493 6.131312817282096 6.181268539432735 6.174655932412108 2025_01_23_18:16:29 -19567.375244140625
6.066672407212112 6.116547902917284 6.028285676116863 6.069964157507169 6.193539301538549 6.139695992562376 6.078391596867072 6.119008245630315 6.187600439913152 6.061916377483192 6.0753358612112605 6.158332391572709 6.16263695676296 6.134023279998945 6.165791794578893 6.147754934425897 6.137082888055515 6.105278667946835 6.129204964146697 6.084681273264421 6.072365619269357 6.072519533796409 6.036052584575369 2025_01_23_18:16:30 -19768.618408203125
6.04283853224178 6.189533653506869 6.097254184174545 6.045308609306778 6.027513070635416 6.015433016860175 6.168885677737177 6.020228152733579 6.15417494407262 6.167023965326911 6.176736433098513 6.007549498471512 6.067352874392856 6.1532615208894486 6.026209808285902 6.075343974164505 6.03244944241769 6.166269011337825 6.1542195627461975 6.16180874392786 6.0331078331488115 6.08753468102767 6.082171722299306 2025_01_23_18:16:30 -19969.8759765625
6.135272584437707 6.047506040289385 6.088839741961055 6.056985586512671 6.1497073036190875 6.089785592606668 6.106802229939652 6.061893579312558 6.161724774218158 6.0938031210064505 6.167022678545141 6.073568191645006 6.189426034048824 6.1968879587063155 6.092335995688198 6.056354346540755 6.076374486838142 6.105491957692297 6.193253630641189 6.163378247916248 6.160251844830309 6.027679706920686 6.050000642317801 2025_01_23_18:16:30 -20171.120361328125
6.128235807240889 6.174823389010448 6.110908149084886 6.020517946349682 6.169178455346688 6.170233209616955 6.057012602811866 6.1526233660583385 6.054558259918271 6.181061241795648 6.029469731198321 6.0874945120389965 6.189282652602352 6.044407601381396 6.0902255980441415 6.06991701562773 6.005334038160588 6.010651377434215 6.100401422938647 6.047155614772686 6.198905070247658 6.074982534683554 6.00563750910563 2025_01_23_18:16:30 -20372.26416015625
6.186165180949991 6.167835257522321 6.129992136858836 6.1582761274964355 6.027519917545174 6.057375879462653 6.165952316630564 6.139214397715197 6.027758538363638 6.141107235057816 6.089720294796449 6.001050239661123 6.015845154254144 6.051184785687409 6.166992619856476 6.109760849088767 6.145446957064986 6.105554301177345 6.022237372064848 6.0576203156078465 6.060230238917244 6.00954988932377 6.0839651087506885 2025_01_23_18:16:30 -20573.443115234375
6.1587798217278875 6.091422723327289 6.022171579058003 6.1810293771324 6.11934780856379 6.0032870704411785 6.103075146041881 6.048387626884199 6.028715368049252 6.085847778620667 6.12296191655519 6.048112847761309 6.083313519041708 6.132874260348402 6.017122790997452 6.194930898190444 6.013535864581769 6.105211889064434 6.101465539315957 6.1976662971192935 6.110830390483639 6.078090746512013 6.094027015631697 2025_01_23_18:16:31 -20774.659912109375
6.127134158293726 6.196207884510312 6.050730052213843 6.003248446221789 6.157704003255903 6.068960498632678 6.146588204290128 6.125651392495131 6.1543002748219715 6.147037396962462 6.066503721674397 6.008867137659042 6.109202749041538 6.162701773111218 6.035017825410342 6.155828518695657 6.092924579949408 6.139077850399213 6.126347169551668 6.162299536369521 6.012620107406445 6.155238079940684 6.09153591548947 2025_01_23_18:16:31 -20975.852783203125
6.058688514235007 6.008761255131825 6.039893966743038 6.0083811883860765 6.186674195990079 6.103076717850899 6.197824540459225 6.1086061395308375 6.050662753040523 6.150658183763773 6.038220686146782 6.071394835207073 6.156168313395685 6.173159655415612 6.066384937276269 6.0248950016488765 6.073603834862935 6.177897303402457 6.148661541103924 6.178927498991011 6.077328953652138 6.194744716863061 6.099240645307405 2025_01_23_18:16:31 -21176.751220703125
6.099504678498725 6.184862093325393 6.103855170706988 6.160229617480355 6.145416264868527 6.015785401211094 6.120490659766046 6.164468255907978 6.109094879468928 6.064242285642919 6.0160137822149995 6.132183844291627 6.061299171218151 6.12052432554612 6.085223214576609 6.1379529616890975 6.070309396754398 6.008471032570026 6.174007435011278 6.0705118620616965 6.19963011955461 6.0549110720149715 6.196005455838856 2025_01_23_18:16:31 -21377.976318359375
6.189580875720617 6.015008232997632 6.12750250757666 6.072662226130197 6.160219195112434 6.135882121562938 6.1905578792559215 6.02855589367251 6.121514580664171 6.156262393948693 6.006959793159709 6.013446672612422 6.155703074701373 6.07326569462143 6.076570880337756 6.113448928344824 6.121018965770957 6.135812411382679 6.189764705853111 6.074402675694137 6.152616894359716 6.114784355666779 6.105891976307258 2025_01_23_18:16:31 -21579.162353515625
6.07960680919049 6.129912147341206 6.04992233061868 6.022689722517003 6.147134971895886 6.099808792051293 6.077397476007853 6.112334542151929 6.0523553353174995 6.052057954227981 6.089254622481123 6.199273022430952 6.057115375539632 6.1832957819083765 6.098240039050845 6.024527484380794 6.170565258076865 6.090408537049079 6.179735806157246 6.089022238548491 6.017558148220946 6.136385852050127 6.16910424379494 2025_01_23_18:16:32 -21780.320068359375
6.063917554419994 6.069485058947713 6.012987815663214 6.108434272245113 6.178266336470778 6.170272410150625 6.142361820801442 6.185464891344636 6.127540004512803 6.158739276769 6.10175114903486 6.024272491015691 6.040196074235537 6.027775374407673 6.15807461216155 6.005256805361653 6.110804287451919 6.0737822331002445 6.160732345257717 6.110329386785286 6.122389672524104 6.017243096330387 6.061858143505693 2025_01_23_18:16:32 -21981.43017578125
6.199919008786877 6.143773931978144 6.10513913096606 6.153832910074939 6.164667879901678 6.014750142582248 6.194475946302753 6.128467717877276 6.089994899132599 6.136021798129916 6.06890295614054 6.175592030330082 6.156052585767662 6.127958785873332 6.036392627310428 6.193252922786821 6.086523657296395 6.1821424541893775 6.0110825700035555 6.0248322241278025 6.03060309336204 6.032931415978025 6.064532150230911 2025_01_23_18:16:32 -22182.598876953125
6.14186642650585 6.069204616468374 6.188180810986307 6.178985183364225 6.169186741231173 6.0501210617964 6.127011418277549 6.110168283096628 6.025034059025381 6.060564921221776 6.106695605953676 6.100514628948252 6.033727180349541 6.188321397573719 6.030838853375912 6.131746574676751 6.144126553687455 6.121027781572371 6.168506000822678 6.112723606886259 6.1650472534653264 6.005674697579775 6.0090923606582685 2025_01_23_18:16:32 -22383.66650390625
6.128290746764872 6.1153542462954755 6.13022599549712 6.153391800183262 6.083317356732649 6.127798238441774 6.099607612027223 6.125432802059617 6.057934331360321 6.191330033990881 6.096588963635084 6.160937630843146 6.136998168239136 6.059486774285949 6.0145946051010695 6.011982606586934 6.087921099984082 6.096850226021472 6.040804602712679 6.121332052564127 6.062516499849386 6.143672577022487 6.146839950960909 2025_01_23_18:16:32 -22584.785400390625
6.172155473150865 6.195074825582976 6.026153230310477 6.074108039610058 6.112330243149674 6.063823177280631 6.093294513408127 6.0534943348908365 6.049583776505109 6.019362330512115 6.058042400993981 6.076829966700322 6.123075488832794 6.049654056076237 6.173061500344144 6.031939932426032 6.065487164160239 6.115537407578719 6.062542984172454 6.152624275027725 6.099653108411982 6.102944967846297 6.099751941679531 2025_01_23_18:16:33 -22785.8779296875
6.061708096410886 6.00463525964327 6.189046560813847 6.101088892604754 6.193337326110495 6.043028884505248 6.070579017771271 6.010108080925578 6.098978840705035 6.17646789527364 6.130852007377923 6.094117370673639 6.107338149857785 6.169434473078693 6.086185553869508 6.176491146183719 6.145501612671878 6.1527713528323975 6.0731874705035125 6.080116324202951 6.114056328776206 6.038931060377544 6.110644585324231 2025_01_23_18:16:33 -22987.009033203125
6.014706349948568 6.100851105824641 6.152880822941448 6.055944135524796 6.197818140124144 6.136079728023772 6.023762203944718 6.195016563082757 6.078780742545721 6.158979445676189 6.067817059990513 6.187789713391075 6.150993034458558 6.03981157631049 6.1018245032450364 6.100015580714129 6.009060670493415 6.027407274713504 6.066608141070553 6.094748830079038 6.091397711856575 6.121252104480761 6.1031011464294505 2025_01_23_18:16:33 -23187.947021484375
6.065593169527305 6.122613624212936 6.0325004091753875 6.198123147512228 6.147863872114721 6.059846868505663 6.067274690430335 6.165657877191475 6.106467965975176 6.141747961287088 6.059958112947482 6.163149766648765 6.073671561973154 6.1347612784946035 6.1959796062358325 6.1167404283697575 6.1593509627860294 6.145064842510371 6.137608730240554 6.0053294309927665 6.094918042817012 6.19341413923441 6.156580798286284 2025_01_23_18:16:33 -23389.081787109375
6.155232405034415 6.115526879172837 6.144280022459261 6.116704655409528 6.034102412349332 6.125805048229073 6.123947161100218 6.168233424991653 6.029555141660066 6.136145379010136 6.00631410266842 6.18964103415686 6.021979104266739 6.003787473501323 6.062738496689171 6.030286251623869 6.138100052183705 6.082075481864541 6.154994460361419 6.1841041899794424 6.174563541782464 6.1471674542537365 6.012456257202887 2025_01_23_18:16:33 -23590.17431640625
6.027616497157042 6.041468340994249 6.065009906885211 6.13244535994287 6.105095430280007 6.0627505197475635 6.0346364847714655 6.182424832184802 6.068465403536369 6.070857397728963 6.154397956829748 6.144184912265459 6.128661819999892 6.138662662005964 6.122015316015751 6.038452833827343 6.049303827105472 6.111617330161481 6.0449734075985635 6.194582125518114 6.059522913055382 6.057800827480705 6.041455558970928 2025_01_23_18:16:34 -23791.296630859375
6.140997651948039 6.063408149003689 6.069760634840262 6.186740074954161 6.159081071200466 6.054691507351085 6.024374821146543 6.135324449156509 6.075938837074877 6.196032107464273 6.163675492026113 6.190921772678292 6.1609231667913145 6.058090530398587 6.057526068322828 6.142828257499679 6.069272702819124 6.088475222372967 6.051288795094696 6.095815852603296 6.040413601440119 6.10771558474173 6.186604786756662 2025_01_23_18:16:34 -23992.337158203125
6.139234260129364 6.027454590960184 6.1231354068828985 6.117366099714163 6.048491607682057 6.133966792978621 6.1062082979465595 6.127588914681728 6.010498221367892 6.082660273209652 6.143471611250049 6.020108980955469 6.154153211619656 6.001036289281426 6.110070513155923 6.185819936033996 6.081381490309377 6.18700641971923 6.1756799243028455 6.0954897040881795 6.039891194933521 6.192782807778187 6.0642335404238334 2025_01_23_18:16:34 -24193.3125
6 6 6 6 6 6 6 6 6 6 6 6 6 6 6 6 6 6 6 6 6 6 6 2025_01_23_18:16:34 -24394.2880859375
6.129179583578054 6.181587391747125 6.017892144102303 6.1148266706350745 6.107030455378721 6.144623535648485 6.1873338759501255 6.18264594513397 6.035012955096192 6.176448994632967 6.035157741507772 6.183926962370187 6.199434360617702 6.07939891485566 6.099076779464352 6.1873217489555525 6.192426276016668 6.185207939579288 6.175348633583584 6.00185343369602 6.113592373732899 6.0214601381547075 6.196598777674201 2025_01_23_18:16:38 -28617.24609375
6.056912330470009 6.197819894017744 6.108660096711395 6.098782484068364 6.1877121003481745 6.170211947715599 6.093604153801258 6.038562279654762 6.022529352204031 6.032498852507948 6.091782894206473 6.051452976045904 6.037239813825614 6.147323579098451 6.158153532885051 6.1135562444841876 6.151456550051512 6.035098982767693 6.171229300854692 6.179408552356795 6.165397965055262 6.103056131791959 6.017347553969671 2025_01_23_18:16:43 -32844.566162109375
6.133851170681991 6.036956240209468 6.02812237512686 6.064720334017016 6.049609416733429 6.052157055413089 6.047104250560307 6.150751330356291 6.1908069645309824 6.060389167938323 6.1445765056802 6.0022871468388335 6.13073667341404 6.138553718084548 6.012424866360107 6.023644969560794 6.061361268400724 6.081083322593679 6.100504094247678 6.1790236739632505 6.140711407020452 6.062195589676932 6.023483149168955 2025_01_23_18:16:43 -33045.67138671875
6.1832260771701275 6.059007520031249 6.12292508962877 6.043825720187069 6.026713756439361 6.0306371129378356 6.1495469674301715 6.1211477896178135 6.083169123086245 6.109846901763673 6.0941656153758625 6.107503537538641 6.132818887867932 6.043682324531465 6.049493085861716 6.150947909944973 6.174627011697547 6.016374061294655 6.089349595499296 6.140753225031174 6.015620544429488 6.112833744454695 6.012351609511337 2025_01_23_18:16:43 -33246.77197265625
6.109529849742186 6.101097411218519 6.114540334845573 6.029970476276483 6.065623527548441 6.104068308236958 6.023248004436933 6.0410802971078725 6.116629535688204 6.0181883288903375 6.102075070806567 6.161738416635448 6.090686460035957 6.102649568640328 6.091359695142375 6.011547356186505 6.092475661147785 6.161383070510879 6.144656015965 6.0791897419906515 6.163290645186626 6.1491608965663636 6.115662253011807 2025_01_23_18:16:43 -33447.884765625
6.009057960545566 6.0689057733124265 6.012751982422417 6.198824732095384 6.186916559776989 6.013803829232063 6.186755112516986 6.006346974204615 6.0817733871638495 6.153794412516697 6.153165536584742 6.19566665698482 6.129176163619433 6.084072387776466 6.198571319716176 6.076495923770274 6.173924057062142 6.181353462304915 6.075129106760397 6.136546070820308 6.132358507625094 6.107860052783772 6.13070681968374 2025_01_23_18:16:43 -33648.9482421875
6.06955397742783 6.0356947258008224 6.1074516972796005 6.1057685079088015 6.145571628181226 6.044538043193254 6.000694658988982 6.0045470654643935 6.0596725977405965 6.134699971555313 6.108889067805004 6.1063867216993515 6.164672087475157 6.049502407700755 6.069231946997525 6.055129945559026 6.187482072227013 6.145004789181784 6.022568927753295 6.161895636707839 6.0838481196983505 6.153210693502781 6.176751324369075 2025_01_23_18:16:44 -33849.995849609375
6.00312915927271 6.041216324370043 6.020179342618501 6.006715255150856 6.119556979346311 6.140657253372986 6.00973526424875 6.148108215695972 6.080453070162181 6.046867855697513 6.043453842035511 6.1727460485340115 6.011288807004892 6.100779169788187 6.057852690270784 6.163157251352663 6.1463034966232035 6.063780739273838 6.119583534855453 6.134506380287383 6.064133023078597 6.060352887028841 6.028652086832666 2025_01_23_18:16:44 -34050.724853515625
6.132042484762149 6.044208548089206 6.060100190751484 6.012191527421352 6.189704051005345 6.175942778192777 6.182315533124109 6.125198627529666 6.0854401164589085 6.099124157498604 6.194458047068737 6.188317281966382 6.134268504949144 6.157160919196103 6.063746891463262 6.083264926684289 6.029843521565033 6.075292037701426 6.150883219447625 6.094703764082444 6.169868186452008 6.060147283759029 6.141515359497594 2025_01_23_18:16:44 -34251.927490234375
6.161155231986977 6.182948234763181 6.1124771899173815 6.193557237709325 6.111457351639855 6.026818550211815 6.048571703217917 6.040667346612011 6.129341170309589 6.184445220902244 6.169426677183923 6.018492799305372 6.144916942461441 6.038096323686148 6.053692317570996 6.134734384126916 6.120584408997815 6.174724091697908 6.037632658786551 6.152339283507442 6.14486104797043 6.1117700952545055 6.095878841294183 2025_01_23_18:16:44 -34452.8564453125
