1MXY1_Y 1MXY1_X 1MS1 1MXY2_Y 1MXY2_X 1MS2 1MXY3_Y 1MXY3_X 1MXY4_Y 1MXY4_X 1MS3 1MXY5_Y 1MXY5_X 1MXY6_Y 1MS4 1MS5 1MS6 1MQ71_X 1MS7 1MS8 1BPM3_X 1BPM3_Y 1BPM3_SUM time milliseconds
0.10130167752504349 -0.20520059764385223 6.0279998779296875 0.035416632890701294 0.0910973995923996 6.77400016784668 0.05361185595393181 -0.308214396238327 0.19643010199069977 0.2096397876739502 4.697999954223633 -0.23348987102508545 -0.20658057928085327 0.4208522140979767 6.015500068664551 1.3416999578475952 5.133999824523926 0.20000289380550385 3.0820000171661377 1.173799991607666 -4.379029273986816 1.8762391805648804 2669.010009765625 2025_02_18_15:38:34 -233.72021484375
0.10130167752504349 -0.20520059764385223 6.0279998779296875 0.035416632890701294 0.0910973995923996 6.77400016784668 0.05361185595393181 -0.308214396238327 0.19643010199069977 0.2096397876739502 4.697999954223633 -0.23348987102508545 -0.20658057928085327 0.4208522140979767 6.015500068664551 1.3416999578475952 5.133999824523926 0.20000289380550385 3.0820000171661377 1.173799991607666 -4.38704252243042 1.8945229053497314 2670.39990234375 2025_02_18_15:38:35 -1055.030029296875
0.10130167752504349 -0.20520059764385223 6.0279998779296875 0.035416632890701294 0.0910973995923996 6.77400016784668 0.05361185595393181 -0.308214396238327 0.19643010199069977 0.2096397876739502 4.697999954223633 -0.23348987102508545 -0.20658057928085327 0.4208522140979767 6.015500068664551 1.3416999578475952 5.133999824523926 0.20000289380550385 3.0820000171661377 1.173799991607666 -4.384397506713867 1.9077361822128296 2672.300048828125 2025_02_18_15:38:35 -1257.133544921875
0.10130167752504349 -0.20520059764385223 6.0279998779296875 0.035416632890701294 0.0910973995923996 6.77400016784668 0.05361185595393181 -0.308214396238327 0.19643010199069977 0.2096397876739502 4.697999954223633 -0.23348987102508545 -0.20658057928085327 0.4208522140979767 6.015500068664551 1.3416999578475952 5.133999824523926 0.20000289380550385 3.0820000171661377 1.173799991607666 -4.389057159423828 1.904966115951538 2672.93994140625 2025_02_18_15:38:35 -1458.737060546875
0.10130167752504349 -0.20520059764385223 6.0279998779296875 0.035416632890701294 0.0910973995923996 6.77400016784668 0.05361185595393181 -0.308214396238327 0.19643010199069977 0.2096397876739502 4.697999954223633 -0.23348987102508545 -0.20658057928085327 0.3924500048160553 6.015500068664551 1.3416999578475952 5.133999824523926 0.20000289380550385 3.0820000171661377 1.173799991607666 -4.399557113647461 1.9077136516571045 2670.919921875 2025_02_18_15:38:36 -1662.197021484375
0.10130167752504349 -0.20520059764385223 6.0279998779296875 0.035416632890701294 0.0910973995923996 6.77400016784668 0.05361185595393181 -0.308214396238327 0.19643010199069977 0.2096397876739502 4.697999954223633 -0.23348987102508545 -0.20658057928085327 0.3924500048160553 6.015500068664551 1.3416999578475952 5.133999824523926 0.20000289380550385 3.0820000171661377 1.173799991607666 -4.404153823852539 1.925838828086853 2669.300048828125 2025_02_18_15:38:36 -1863.785400390625
0.10130167752504349 -0.20520059764385223 6.0279998779296875 0.035416632890701294 0.0910973995923996 6.77400016784668 0.05361185595393181 -0.308214396238327 0.19643010199069977 0.2096397876739502 4.697999954223633 -0.23348987102508545 -0.20658057928085327 0.3924500048160553 6.015500068664551 1.3416999578475952 5.133999824523926 0.20000289380550385 3.0820000171661377 1.173799991607666 -4.391036510467529 1.9570695161819458 2668.75 2025_02_18_15:38:36 -2065.523681640625
0.09499086439609528 -0.2030966877937317 6.0279998779296875 -0.0018182157073169947 0.17478318512439728 6.77400016784668 -0.012762598693370819 -0.40323206782341003 0.15137721598148346 0.2832324206829071 4.697999954223633 -0.25963151454925537 -0.2293684482574463 0.33851808309555054 6.015500068664551 1.3416999578475952 5.133999824523926 0.2615785002708435 3.0820000171661377 1.173799991607666 -4.3939008712768555 1.9675195217132568 2669.5 2025_02_18_15:38:36 -2283.50390625
0.09499086439609528 -0.2030966877937317 6.0279998779296875 -0.0018182157073169947 0.17478318512439728 6.77400016784668 -0.012762598693370819 -0.40323206782341003 0.15137721598148346 0.2832324206829071 4.697999954223633 -0.25963151454925537 -0.2293684482574463 0.33851808309555054 6.015500068664551 1.3416999578475952 5.133999824523926 0.2615785002708435 3.0820000171661377 1.173799991607666 -4.143365859985352 2.1881351470947266 2668.840087890625 2025_02_18_15:38:36 -2491.809326171875
0.09499086439609528 -0.2030966877937317 6.0279998779296875 -0.0018182157073169947 0.17478318512439728 6.77400016784668 -0.012762598693370819 -0.40323206782341003 0.15137721598148346 0.2832324206829071 4.697999954223633 -0.25963151454925537 -0.2293684482574463 0.33851808309555054 6.015500068664551 1.3416999578475952 5.133999824523926 0.2615785002708435 3.0820000171661377 1.173799991607666 -3.843033790588379 2.4371261596679688 2664.389892578125 2025_02_18_15:38:37 -2693.734619140625
0.0866369903087616 -0.19928164780139923 6.0279998779296875 0.0068147615529596806 0.13047489523887634 6.77400016784668 0.04313581809401512 -0.379433274269104 0.1562546044588089 0.3126794397830963 4.697999954223633 -0.20855176448822021 -0.19214574992656708 0.2888840436935425 6.015500068664551 1.3416999578475952 5.133999824523926 0.015299037098884583 3.0820000171661377 1.173799991607666 -3.647639513015747 2.6095974445343018 2664.260009765625 2025_02_18_15:38:37 -2900.03759765625
0.0866369903087616 -0.19928164780139923 6.0279998779296875 0.0068147615529596806 0.13047489523887634 6.77400016784668 0.04313581809401512 -0.379433274269104 0.1562546044588089 0.3126794397830963 4.697999954223633 -0.20855176448822021 -0.19214574992656708 0.2888840436935425 6.015500068664551 1.3416999578475952 5.133999824523926 0.015299037098884583 3.0820000171661377 1.173799991607666 -3.274074077606201 2.7064743041992188 2663.77001953125 2025_02_18_15:38:37 -3101.587646484375
0.0866369903087616 -0.19928164780139923 6.0279998779296875 0.0068147615529596806 0.13047489523887634 6.77400016784668 0.04313581809401512 -0.379433274269104 0.1562546044588089 0.3126794397830963 4.697999954223633 -0.20855176448822021 -0.19214574992656708 0.2888840436935425 6.015500068664551 1.3416999578475952 5.133999824523926 0.015299037098884583 3.0820000171661377 1.173799991607666 -2.814310312271118 2.8280794620513916 2661.85009765625 2025_02_18_15:38:37 -3303.142333984375
0.1163235753774643 -0.20223750174045563 6.0279998779296875 0.00881145242601633 0.1616969257593155 6.77400016784668 0.0648992583155632 -0.3106336295604706 0.1455339789390564 0.19659234583377838 4.697999954223633 -0.1842135190963745 -0.2940639853477478 0.39489060640335083 6.015500068664551 1.3416999578475952 5.133999824523926 0.13996323943138123 3.0820000171661377 1.173799991607666 -2.354285478591919 2.9426560401916504 2660.409912109375 2025_02_18_15:38:37 -3508.97509765625
0.1163235753774643 -0.20223750174045563 6.0279998779296875 0.00881145242601633 0.1616969257593155 6.77400016784668 0.0648992583155632 -0.3106336295604706 0.1455339789390564 0.19659234583377838 4.697999954223633 -0.1842135190963745 -0.2940639853477478 0.39489060640335083 6.015500068664551 1.3416999578475952 5.133999824523926 0.13996323943138123 3.0820000171661377 1.173799991607666 -2.379802703857422 2.9270522594451904 2661.340087890625 2025_02_18_15:38:38 -3710.656005859375
0.1163235753774643 -0.20223750174045563 6.0279998779296875 0.00881145242601633 0.1616969257593155 6.77400016784668 0.0648992583155632 -0.3106336295604706 0.1455339789390564 0.19659234583377838 4.697999954223633 -0.1842135190963745 -0.2940639853477478 0.39489060640335083 6.015500068664551 1.3416999578475952 5.133999824523926 0.13996323943138123 3.0820000171661377 1.173799991607666 -2.497140884399414 2.873992919921875 2659.159912109375 2025_02_18_15:38:38 -3912.307861328125
0.10423696786165237 -0.18729931116104126 6.0279998779296875 0.045668844133615494 0.11338727921247482 6.77400016784668 0.019754551351070404 -0.4033936858177185 0.19875432550907135 0.2585301101207733 4.697999954223633 -0.23874197900295258 -0.1092769205570221 0.34418609738349915 6.015500068664551 1.3416999578475952 5.133999824523926 0.12427712976932526 3.0820000171661377 1.173799991607666 -2.5736353397369385 2.853093147277832 2657.139892578125 2025_02_18_15:38:38 -4118.113525390625
0.10423696786165237 -0.18729931116104126 6.0279998779296875 0.045668844133615494 0.11338727921247482 6.77400016784668 0.019754551351070404 -0.4033936858177185 0.19875432550907135 0.2585301101207733 4.697999954223633 -0.23874197900295258 -0.1092769205570221 0.34418609738349915 6.015500068664551 1.3416999578475952 5.133999824523926 0.12427712976932526 3.0820000171661377 1.173799991607666 -2.048737049102783 2.8339931964874268 2655.9599609375 2025_02_18_15:38:38 -4360.026123046875
0.10423696786165237 -0.18729931116104126 6.0279998779296875 0.045668844133615494 0.11338727921247482 6.77400016784668 0.019754551351070404 -0.4033936858177185 0.19875432550907135 0.2585301101207733 4.697999954223633 -0.23874197900295258 -0.1092769205570221 0.34418609738349915 6.015500068664551 1.3416999578475952 5.133999824523926 0.12427712976932526 3.0820000171661377 1.173799991607666 -1.3914223909378052 2.8168647289276123 2648.280029296875 2025_02_18_15:38:39 -4600.920166015625
0.09175000339746475 -0.20707780122756958 6.0279998779296875 0.0658273696899414 0.11354133486747742 6.77400016784668 0.05463612452149391 -0.299824595451355 0.2435530424118042 0.2480611354112625 4.697999954223633 -0.18879182636737823 -0.30652907490730286 0.3997008800506592 6.015500068664551 1.3416999578475952 5.133999824523926 0.12141051143407822 3.0820000171661377 1.173799991607666 -1.1243081092834473 2.747730016708374 2644.68994140625 2025_02_18_15:38:39 -4806.56396484375
0.09175000339746475 -0.20707780122756958 6.0279998779296875 0.0658273696899414 0.11354133486747742 6.77400016784668 0.05463612452149391 -0.299824595451355 0.2435530424118042 0.2480611354112625 4.697999954223633 -0.18879182636737823 -0.30652907490730286 0.3997008800506592 6.015500068664551 1.3416999578475952 5.133999824523926 0.12141051143407822 3.0820000171661377 1.173799991607666 -1.2910218238830566 2.620074510574341 2643.52001953125 2025_02_18_15:38:39 -5008.214599609375
0.09175000339746475 -0.20707780122756958 6.0279998779296875 0.0658273696899414 0.11354133486747742 6.77400016784668 0.05463612452149391 -0.299824595451355 0.2435530424118042 0.2480611354112625 4.697999954223633 -0.18879182636737823 -0.30652907490730286 0.3997008800506592 6.015500068664551 1.3416999578475952 5.133999824523926 0.12141051143407822 3.0820000171661377 1.173799991607666 -1.4479341506958008 2.498877763748169 2643.219970703125 2025_02_18_15:38:39 -5209.739501953125
0.09360148757696152 -0.2011745721101761 6.0279998779296875 0.07748154550790787 0.13805538415908813 6.77400016784668 0.02792534790933132 -0.32484492659568787 0.10408926010131836 0.3165198862552643 4.697999954223633 -0.2516768276691437 -0.27679046988487244 0.46251168847084045 6.015500068664551 1.3416999578475952 5.133999824523926 0.024279693141579628 3.0820000171661377 1.173799991607666 -1.466728925704956 2.5301270484924316 2642.590087890625 2025_02_18_15:38:39 -5415.95751953125
0.09360148757696152 -0.2011745721101761 6.0279998779296875 0.07748154550790787 0.13805538415908813 6.77400016784668 0.02792534790933132 -0.32484492659568787 0.10408926010131836 0.3165198862552643 4.697999954223633 -0.2516768276691437 -0.27679046988487244 0.46251168847084045 6.015500068664551 1.3416999578475952 5.133999824523926 0.024279693141579628 3.0820000171661377 1.173799991607666 -1.3380792140960693 2.697639226913452 2640.679931640625 2025_02_18_15:38:40 -5718.17724609375
0.09360148757696152 -0.2011745721101761 6.0279998779296875 0.07748154550790787 0.13805538415908813 6.77400016784668 0.02792534790933132 -0.32484492659568787 0.10408926010131836 0.3165198862552643 4.697999954223633 -0.2516768276691437 -0.27679046988487244 0.46251168847084045 6.015500068664551 1.3416999578475952 5.133999824523926 0.024279693141579628 3.0820000171661377 1.173799991607666 -1.1634364128112793 2.9261159896850586 2638.31005859375 2025_02_18_15:38:40 -6020.547607421875
0.08859587460756302 -0.1780465543270111 6.0279998779296875 0.05579609423875809 0.17173057794570923 6.77400016784668 0.023675385862588882 -0.2752418518066406 0.20388194918632507 0.3272097408771515 4.697999954223633 -0.1278596669435501 -0.2952846884727478 0.5016576647758484 6.015500068664551 1.3416999578475952 5.133999824523926 0.15906700491905212 3.0820000171661377 1.173799991607666 -1.2077417373657227 2.945042610168457 2638.419921875 2025_02_18_15:38:40 -6226.38525390625
0.08859587460756302 -0.1780465543270111 6.0279998779296875 0.05579609423875809 0.17173057794570923 6.77400016784668 0.023675385862588882 -0.2752418518066406 0.20388194918632507 0.3272097408771515 4.697999954223633 -0.1278596669435501 -0.2952846884727478 0.5016576647758484 6.015500068664551 1.3416999578475952 5.133999824523926 0.15906700491905212 3.0820000171661377 1.173799991607666 -1.5546867847442627 2.427824020385742 2637.1201171875 2025_02_18_15:38:40 -6427.83154296875
0.08859587460756302 -0.1780465543270111 6.0279998779296875 0.05579609423875809 0.17173057794570923 6.77400016784668 0.023675385862588882 -0.2752418518066406 0.20388194918632507 0.3272097408771515 4.697999954223633 -0.1278596669435501 -0.2952846884727478 0.5016576647758484 6.015500068664551 1.3416999578475952 5.133999824523926 0.15906700491905212 3.0820000171661377 1.173799991607666 -1.7923144102096558 2.0697178840637207 2634.89990234375 2025_02_18_15:38:41 -6629.40966796875
0.1121828556060791 -0.18100625276565552 6.0279998779296875 0.01429307833313942 0.10360917448997498 6.77400016784668 0.06983191519975662 -0.31216517090797424 0.11267277598381042 0.2632531523704529 4.697999954223633 -0.16644816100597382 -0.14800475537776947 0.4806486964225769 6.015500068664551 1.3416999578475952 5.133999824523926 0.045592714101076126 3.0820000171661377 1.173799991607666 -2.355173110961914 1.58345627784729 2627.860107421875 2025_02_18_15:38:41 -6835.345703125
0.1121828556060791 -0.18100625276565552 6.0279998779296875 0.01429307833313942 0.10360917448997498 6.77400016784668 0.06983191519975662 -0.31216517090797424 0.11267277598381042 0.2632531523704529 4.697999954223633 -0.16644816100597382 -0.14800475537776947 0.4806486964225769 6.015500068664551 1.3416999578475952 5.133999824523926 0.045592714101076126 3.0820000171661377 1.173799991607666 -2.471261978149414 1.4564939737319946 2627.35009765625 2025_02_18_15:38:41 -7036.99267578125
0.1121828556060791 -0.18100625276565552 6.0279998779296875 0.01429307833313942 0.10360917448997498 6.77400016784668 0.06983191519975662 -0.31216517090797424 0.11267277598381042 0.2632531523704529 4.697999954223633 -0.16644816100597382 -0.14800475537776947 0.4806486964225769 6.015500068664551 1.3416999578475952 5.133999824523926 0.045592714101076126 3.0820000171661377 1.173799991607666 -2.6156728267669678 1.2832931280136108 2628.030029296875 2025_02_18_15:38:41 -7238.654052734375
0.10966038703918457 -0.2062109410762787 6.0279998779296875 0.03571230545639992 0.15135367214679718 6.77400016784668 0.0774177834391594 -0.28384092450141907 0.13266053795814514 0.3135720491409302 4.697999954223633 -0.10489122569561005 -0.2296934574842453 0.33056026697158813 6.015500068664551 1.3416999578475952 5.133999824523926 0.10972869396209717 3.0820000171661377 1.173799991607666 -2.6109442710876465 1.101800560951233 2628.93994140625 2025_02_18_15:38:41 -7443.59033203125
0.10966038703918457 -0.2062109410762787 6.0279998779296875 0.03571230545639992 0.15135367214679718 6.77400016784668 0.0774177834391594 -0.28384092450141907 0.13266053795814514 0.3135720491409302 4.697999954223633 -0.10489122569561005 -0.2296934574842453 0.33056026697158813 6.015500068664551 1.3416999578475952 5.133999824523926 0.10972869396209717 3.0820000171661377 1.173799991607666 -2.4761223793029785 1.0437604188919067 2628.93994140625 2025_02_18_15:38:42 -7645.175048828125
0.10966038703918457 -0.2062109410762787 6.0279998779296875 0.03571230545639992 0.15135367214679718 6.77400016784668 0.0774177834391594 -0.28384092450141907 0.13266053795814514 0.3135720491409302 4.697999954223633 -0.10489122569561005 -0.2296934574842453 0.33056026697158813 6.015500068664551 1.3416999578475952 5.133999824523926 0.10972869396209717 3.0820000171661377 1.173799991607666 -2.181556463241577 0.8845176100730896 2631.89990234375 2025_02_18_15:38:42 -7846.886474609375
