1MS1 1MXY1_Y 1MXY1_X 1MS2 1MXY2_Y 1MXY2_X 1MXY3_Y 1MXY3_X 1MS3 1MXY4_Y 1MXY4_X 1MS4 1MS5 1MS6 1MXY5_Y 1MXY5_X 1MXY6_Y 1MXY6_X 1MS7 1MS8 1BPM3_X 1BPM3_Y 1BPM3_SUM time milliseconds
0.6394267984578837 0.22321073814882275 0.8921795677048454 0.029797219438070344 0.026535969683863625 0.5449414806032167 0.8094304566778266 0.6981393949882269 0.9572130722067812 0.09671637683346401 0.8071282732743802 0.9731157639793706 0.8294046642529949 0.577352145256762 0.22789827565154686 0.23279088636103018 0.6356844442644002 0.2095070307714877 0.6480353852465935 0.7291267979503492 0.9899945143908426 0.6857107422933812 0.23532253238113526 2025_05_18_14:43:38 -206.134765625
0.6394267984578837 0.22321073814882275 0.8921795677048454 0.029797219438070344 0.026535969683863625 0.5449414806032167 0.8094304566778266 0.6981393949882269 0.9572130722067812 0.09671637683346401 0.8071282732743802 0.9731157639793706 0.8294046642529949 0.577352145256762 0.22789827565154686 0.23279088636103018 0.6356844442644002 0.2095070307714877 0.6480353852465935 0.7291267979503492 0.9950003755213456 0.6874972610986826 0.24444881077458347 2025_05_18_14:43:39 -1021.780517578125
0.6394267984578837 0.22321073814882275 0.8921795677048454 0.029797219438070344 0.026535969683863625 0.5449414806032167 0.8094304566778266 0.6981393949882269 0.9572130722067812 0.09671637683346401 0.8071282732743802 0.9731157639793706 0.8294046642529949 0.577352145256762 0.22789827565154686 0.23279088636103018 0.6356844442644002 0.2095070307714877 0.6480353852465935 0.7291267979503492 0.9998602801545117 0.6881893862833665 0.25205483242715576 2025_05_18_14:43:39 -1222.579345703125
0.6394267984578837 0.22321073814882275 0.8921795677048454 0.029797219438070344 0.026535969683863625 0.5449414806032167 0.8094304566778266 0.6981393949882269 0.9572130722067812 0.09671637683346401 0.8071282732743802 0.9731157639793706 0.8294046642529949 0.577352145256762 0.22789827565154686 0.23279088636103018 0.6356844442644002 0.2095070307714877 0.6480353852465935 0.7291267979503492 1.0021614274804775 0.690391560127882 0.25276476328724606 2025_05_18_14:43:39 -1423.131103515625
0.6394267984578837 0.22321073814882275 0.8921795677048454 0.029797219438070344 0.026535969683863625 0.5449414806032167 0.8094304566778266 0.6981393949882269 0.9572130722067812 0.09671637683346401 0.8071282732743802 0.9731157639793706 0.8294046642529949 0.577352145256762 0.22789827565154686 0.23279088636103018 0.6356844442644002 0.2095070307714877 0.6480353852465935 0.7291267979503492 1.0088950729534105 0.7002332122415417 0.25374894199876563 2025_05_18_14:43:39 -1624.00390625
0.6394267984578837 0.22321073814882275 0.8921795677048454 0.6297972194380703 0.026535969683863625 0.5449414806032167 0.8094304566778266 0.6981393949882269 0.9572130722067812 0.09671637683346401 0.8071282732743802 0.9731157639793706 0.8294046642529949 0.577352145256762 0.22789827565154686 0.23279088636103018 0.6356844442644002 0.2095070307714877 0.6480353852465935 0.7291267979503492 1.0137514842079176 0.7023706852335335 0.25775934492426017 2025_05_18_14:43:39 -1824.671142578125
0.6394267984578837 0.22321073814882275 0.8921795677048454 0.6297972194380703 0.026535969683863625 0.5449414806032167 0.8094304566778266 0.6981393949882269 0.9572130722067812 0.09671637683346401 0.8071282732743802 0.9731157639793706 0.8294046642529949 0.577352145256762 0.22789827565154686 0.23279088636103018 0.6356844442644002 0.2095070307714877 0.6480353852465935 0.7291267979503492 1.0222786831284005 0.7039450125129284 0.2673671339570047 2025_05_18_14:43:40 -2025.268310546875
0.6394267984578837 0.22321073814882275 0.8921795677048454 0.6297972194380703 0.026535969683863625 0.5449414806032167 0.8094304566778266 0.6981393949882269 0.9572130722067812 0.09671637683346401 0.8071282732743802 0.9731157639793706 0.8294046642529949 0.577352145256762 0.22789827565154686 0.23279088636103018 0.6356844442644002 0.2095070307714877 0.6480353852465935 0.7291267979503492 1.0254404550911191 0.7114636574370724 0.26809256510193624 2025_05_18_14:43:40 -2225.88037109375
0.6394267984578837 0.22321073814882275 0.8921795677048454 0.029797219438070344 0.026535969683863625 0.5449414806032167 0.8094304566778266 0.6981393949882269 0.9572130722067812 0.09671637683346401 0.8071282732743802 0.9731157639793706 0.8294046642529949 0.577352145256762 0.22789827565154686 0.23279088636103018 0.6356844442644002 0.2095070307714877 0.6480353852465935 0.7291267979503492 1.0348297551303902 0.7128065685810061 0.2692468518061273 2025_05_18_14:43:40 -2426.78515625
0.6394267984578837 0.22321073814882275 0.8921795677048454 0.6297972194380703 0.026535969683863625 0.5449414806032167 0.8094304566778266 0.6981393949882269 0.9572130722067812 0.09671637683346401 0.8071282732743802 0.9731157639793706 0.8294046642529949 0.577352145256762 0.22789827565154686 0.23279088636103018 0.6356844442644002 0.2095070307714877 0.6480353852465935 0.7291267979503492 1.039106624320197 0.7129032655770895 0.26999929040686493 2025_05_18_14:43:40 -2627.400634765625
0.6394267984578837 0.22321073814882275 0.8921795677048454 0.6297972194380703 0.026535969683863625 0.5449414806032167 0.8094304566778266 0.6981393949882269 0.9572130722067812 0.09671637683346401 0.8071282732743802 0.9731157639793706 0.8294046642529949 0.577352145256762 0.22789827565154686 0.23279088636103018 0.6356844442644002 0.2095070307714877 0.6480353852465935 0.7291267979503492 1.0484054344771336 0.7215493225392892 0.2797613507361746 2025_05_18_14:43:40 -2828.02685546875
0.6394267984578837 0.22321073814882275 0.8921795677048454 0.6297972194380703 0.026535969683863625 0.5449414806032167 0.8094304566778266 0.6981393949882269 0.9572130722067812 0.09671637683346401 0.8071282732743802 0.9731157639793706 0.8294046642529949 0.577352145256762 0.22789827565154686 0.23279088636103018 0.6356844442644002 0.2095070307714877 0.6480353852465935 0.7291267979503492 1.0486420788241482 0.7234806204225662 0.28304397024815164 2025_05_18_14:43:41 -3028.628662109375
0.6394267984578837 0.20857073814882277 0.8793795677048454 0.029797219438070344 0.026535969683863625 0.5449414806032167 0.8094304566778266 0.6981393949882269 0.9572130722067812 0.09671637683346401 0.8071282732743802 0.9731157639793706 0.8294046642529949 0.577352145256762 0.22789827565154686 0.23279088636103018 0.6356844442644002 0.2095070307714877 0.6480353852465935 0.7291267979503492 1.0544079592591142 0.726027845483952 0.2901318230864933 2025_05_18_14:43:41 -3229.722900390625
0.6394267984578837 0.20857073814882277 0.8793795677048454 0.6297972194380703 0.026535969683863625 0.5449414806032167 0.8094304566778266 0.6981393949882269 0.9572130722067812 0.09671637683346401 0.8071282732743802 0.9731157639793706 0.8294046642529949 0.577352145256762 0.22789827565154686 0.23279088636103018 0.6356844442644002 0.2095070307714877 0.6480353852465935 0.7291267979503492 1.063811595966416 0.7328010249366794 0.29915987854381915 2025_05_18_14:43:41 -3430.269775390625
0.6394267984578837 0.20857073814882277 0.8793795677048454 0.6297972194380703 0.026535969683863625 0.5449414806032167 0.8094304566778266 0.6981393949882269 0.9572130722067812 0.09671637683346401 0.8071282732743802 0.9731157639793706 0.8294046642529949 0.577352145256762 0.22789827565154686 0.23279088636103018 0.6356844442644002 0.2095070307714877 0.6480353852465935 0.7291267979503492 1.0713229773418234 0.7395289816422511 0.30140628520379203 2025_05_18_14:43:41 -3630.8828125
0.6394267984578837 0.20857073814882277 0.8793795677048454 0.6297972194380703 0.026535969683863625 0.5449414806032167 0.8094304566778266 0.6981393949882269 0.9572130722067812 0.09671637683346401 0.8071282732743802 0.9731157639793706 0.8294046642529949 0.577352145256762 0.22789827565154686 0.23279088636103018 0.6356844442644002 0.2095070307714877 0.6480353852465935 0.7291267979503492 1.0765025548462608 0.7400311654936576 0.30389826800039177 2025_05_18_14:43:41 -3831.52001953125
0.6394267984578837 0.1176 0.8793795677048454 0.029797219438070344 0.026535969683863625 0.5449414806032167 0.8094304566778266 0.6981393949882269 0.9572130722067812 0.09671637683346401 0.8071282732743802 0.9731157639793706 0.8294046642529949 0.577352145256762 0.22789827565154686 0.23279088636103018 0.6356844442644002 0.2095070307714877 0.6480353852465935 0.7291267979503492 1.0817155529745406 0.7462986498634754 0.3066442424695672 2025_05_18_14:43:42 -4032.328857421875
0.6394267984578837 0.1176 0.8793795677048454 0.6297972194380703 0.026535969683863625 0.5449414806032167 0.8094304566778266 0.6981393949882269 0.9572130722067812 0.09671637683346401 0.8071282732743802 0.9731157639793706 0.8294046642529949 0.577352145256762 0.22789827565154686 0.23279088636103018 0.6356844442644002 0.2095070307714877 0.6480353852465935 0.7291267979503492 1.0855193632638176 0.7463576106993153 0.31016183049628543 2025_05_18_14:43:42 -4232.939697265625
0.6394267984578837 0.1176 0.8793795677048454 0.6297972194380703 0.026535969683863625 0.5449414806032167 0.8094304566778266 0.6981393949882269 0.9572130722067812 0.09671637683346401 0.8071282732743802 0.9731157639793706 0.8294046642529949 0.577352145256762 0.22789827565154686 0.23279088636103018 0.6356844442644002 0.2095070307714877 0.6480353852465935 0.7291267979503492 1.0911632830940654 0.7466286311627184 0.31658932697637876 2025_05_18_14:43:42 -4433.572509765625
0.6394267984578837 0.1176 0.8793795677048454 0.6297972194380703 0.026535969683863625 0.5449414806032167 0.8094304566778266 0.6981393949882269 0.9572130722067812 0.09671637683346401 0.8071282732743802 0.9731157639793706 0.8294046642529949 0.577352145256762 0.22789827565154686 0.23279088636103018 0.6356844442644002 0.2095070307714877 0.6480353852465935 0.7291267979503492 1.1006594004212253 0.7486222379863438 0.3167931271495821 2025_05_18_14:43:42 -4634.216796875
0.6394267984578837 0.20857073814882277 -0.177 0.029797219438070344 0.026535969683863625 0.5449414806032167 0.8094304566778266 0.6981393949882269 0.9572130722067812 0.09671637683346401 0.8071282732743802 0.9731157639793706 0.8294046642529949 0.577352145256762 0.22789827565154686 0.23279088636103018 0.6356844442644002 0.2095070307714877 0.6480353852465935 0.7291267979503492 1.101419365199656 0.7555283821456735 0.32306555110559254 2025_05_18_14:43:42 -4835.011474609375
0.6394267984578837 0.20857073814882277 -0.177 0.6297972194380703 0.026535969683863625 0.5449414806032167 0.8094304566778266 0.6981393949882269 0.9572130722067812 0.09671637683346401 0.8071282732743802 0.9731157639793706 0.8294046642529949 0.577352145256762 0.22789827565154686 0.23279088636103018 0.6356844442644002 0.2095070307714877 0.6480353852465935 0.7291267979503492 1.1087573182397898 0.7651831194580543 0.32576637506946654 2025_05_18_14:43:43 -5035.619384765625
0.6394267984578837 0.20857073814882277 -0.177 0.6297972194380703 0.026535969683863625 0.5449414806032167 0.8094304566778266 0.6981393949882269 0.9572130722067812 0.09671637683346401 0.8071282732743802 0.9731157639793706 0.8294046642529949 0.577352145256762 0.22789827565154686 0.23279088636103018 0.6356844442644002 0.2095070307714877 0.6480353852465935 0.7291267979503492 1.117560518037372 0.7721949569613763 0.3285290608270284 2025_05_18_14:43:43 -5236.1884765625
0.6394267984578837 0.20857073814882277 -0.177 0.6297972194380703 0.026535969683863625 0.5449414806032167 0.8094304566778266 0.6981393949882269 0.9572130722067812 0.09671637683346401 0.8071282732743802 0.9731157639793706 0.8294046642529949 0.577352145256762 0.22789827565154686 0.23279088636103018 0.6356844442644002 0.2095070307714877 0.6480353852465935 0.7291267979503492 1.1245890674592296 0.7749041212311383 0.33104309758903777 2025_05_18_14:43:43 -5436.802978515625
0.6394267984578837 0.1176 -0.177 0.029797219438070344 0.026535969683863625 0.5449414806032167 0.8094304566778266 0.6981393949882269 0.9572130722067812 0.09671637683346401 0.8071282732743802 0.9731157639793706 0.8294046642529949 0.577352145256762 0.22789827565154686 0.23279088636103018 0.6356844442644002 0.2095070307714877 0.6480353852465935 0.7291267979503492 1.1301226571272156 0.7818782951602402 0.33230589251862186 2025_05_18_14:43:43 -5637.6005859375
0.6394267984578837 0.1176 -0.177 0.6297972194380703 0.026535969683863625 0.5449414806032167 0.8094304566778266 0.6981393949882269 0.9572130722067812 0.09671637683346401 0.8071282732743802 0.9731157639793706 0.8294046642529949 0.577352145256762 0.22789827565154686 0.23279088636103018 0.6356844442644002 0.2095070307714877 0.6480353852465935 0.7291267979503492 1.1377670915804776 0.7879414716726698 0.34021330081705603 2025_05_18_14:43:43 -5838.216064453125
0.6394267984578837 0.1176 -0.177 0.6297972194380703 0.026535969683863625 0.5449414806032167 0.8094304566778266 0.6981393949882269 0.9572130722067812 0.09671637683346401 0.8071282732743802 0.9731157639793706 0.8294046642529949 0.577352145256762 0.22789827565154686 0.23279088636103018 0.6356844442644002 0.2095070307714877 0.6480353852465935 0.7291267979503492 1.1406796844707878 0.7902562340182301 0.3472828591158464 2025_05_18_14:43:44 -6038.81396484375
0.6394267984578837 0.1176 -0.177 0.6297972194380703 0.026535969683863625 0.5449414806032167 0.8094304566778266 0.6981393949882269 0.9572130722067812 0.09671637683346401 0.8071282732743802 0.9731157639793706 0.8294046642529949 0.577352145256762 0.22789827565154686 0.23279088636103018 0.6356844442644002 0.2095070307714877 0.6480353852465935 0.7291267979503492 1.1475664643829087 0.7972535708679872 0.3567096215232868 2025_05_18_14:43:44 -6239.47802734375
0.6394267984578837 0.16286557912826538 0.3498961925506592 0.029797219438070344 0.026535969683863625 0.5449414806032167 0.8094304566778266 0.6981393949882269 0.9572130722067812 0.09671637683346401 0.8071282732743802 0.9731157639793706 0.8294046642529949 0.577352145256762 0.22789827565154686 0.23279088636103018 0.6356844442644002 0.2095070307714877 0.6480353852465935 0.7291267979503492 1.14938135585514 0.8031068671207657 0.3630574687178276 2025_05_18_14:43:47 -9149.629638671875
0.6394267984578837 0.16286557912826538 0.3498961925506592 0.6297972194380703 0.026535969683863625 0.5449414806032167 0.8094304566778266 0.6981393949882269 0.9572130722067812 0.09671637683346401 0.8071282732743802 0.9731157639793706 0.8294046642529949 0.577352145256762 0.22789827565154686 0.23279088636103018 0.6356844442644002 0.2095070307714877 0.6480353852465935 0.7291267979503492 1.154807291798712 0.807239342828759 0.3649332941317729 2025_05_18_14:43:47 -9350.25634765625
0.6394267984578837 0.16286557912826538 0.3498961925506592 0.6297972194380703 0.026535969683863625 0.5449414806032167 0.8094304566778266 0.6981393949882269 0.9572130722067812 0.09671637683346401 0.8071282732743802 0.9731157639793706 0.8294046642529949 0.577352145256762 0.22789827565154686 0.23279088636103018 0.6356844442644002 0.2095070307714877 0.6480353852465935 0.7291267979503492 1.1559819532896076 0.815560774566448 0.3699170491788448 2025_05_18_14:43:47 -9550.855224609375
0.6394267984578837 0.16286557912826538 0.3498961925506592 0.6297972194380703 0.026535969683863625 0.5449414806032167 0.8094304566778266 0.6981393949882269 0.9572130722067812 0.09671637683346401 0.8071282732743802 0.9731157639793706 0.8294046642529949 0.577352145256762 0.22789827565154686 0.23279088636103018 0.6356844442644002 0.2095070307714877 0.6480353852465935 0.7291267979503492 1.1618513305137492 0.8255497978987414 0.37481345264540183 2025_05_18_14:43:47 -9751.490966796875
0.6394267984578837 0.20857073366641998 0.8793795704841614 0.029797219438070344 0.026535969683863625 0.5449414806032167 0.8094304566778266 0.6981393949882269 0.9572130722067812 0.09671637683346401 0.8071282732743802 0.9731157639793706 0.8294046642529949 0.577352145256762 0.22789827565154686 0.23279088636103018 0.6356844442644002 0.2095070307714877 0.6480353852465935 0.7291267979503492 1.1668046170099136 0.8259199940121972 0.3798363641467315 2025_05_18_14:43:48 -10208.617919921875
0.6394267984578837 0.20857073366641998 0.8793795704841614 0.6297972194380703 0.026535969683863625 0.5449414806032167 0.8094304566778266 0.6981393949882269 0.9572130722067812 0.09671637683346401 0.8071282732743802 0.9731157639793706 0.8294046642529949 0.577352145256762 0.22789827565154686 0.23279088636103018 0.6356844442644002 0.2095070307714877 0.6480353852465935 0.7291267979503492 1.1739917912621434 0.8335140121055408 0.38856019432071687 2025_05_18_14:43:48 -10409.386962890625
0.6394267984578837 0.20857073366641998 0.8793795704841614 0.6297972194380703 0.026535969683863625 0.5449414806032167 0.8094304566778266 0.6981393949882269 0.9572130722067812 0.09671637683346401 0.8071282732743802 0.9731157639793706 0.8294046642529949 0.577352145256762 0.22789827565154686 0.23279088636103018 0.6356844442644002 0.2095070307714877 0.6480353852465935 0.7291267979503492 1.1819169860009529 0.8352138485962217 0.38934987782731684 2025_05_18_14:43:48 -10609.997314453125
0.6394267984578837 0.20857073366641998 0.8793795704841614 0.6297972194380703 0.026535969683863625 0.5449414806032167 0.8094304566778266 0.6981393949882269 0.9572130722067812 0.09671637683346401 0.8071282732743802 0.9731157639793706 0.8294046642529949 0.577352145256762 0.22789827565154686 0.23279088636103018 0.6356844442644002 0.2095070307714877 0.6480353852465935 0.7291267979503492 1.1839091559920418 0.8390607810858952 0.394181958437909 2025_05_18_14:43:48 -10810.61083984375
0.6394267984578837 0.11760000139474869 0.8788536190986633 0.029797219438070344 0.026535969683863625 0.5449414806032167 0.8094304566778266 0.6981393949882269 0.9572130722067812 0.09671637683346401 0.8071282732743802 0.9731157639793706 0.8294046642529949 0.577352145256762 0.22789827565154686 0.23279088636103018 0.6356844442644002 0.2095070307714877 0.6480353852465935 0.7291267979503492 1.190118067623345 0.8458384256721289 0.4013912422046161 2025_05_18_14:43:50 -12516.635009765625
0.6394267984578837 0.11760000139474869 0.8788536190986633 0.6297972194380703 0.026535969683863625 0.5449414806032167 0.8094304566778266 0.6981393949882269 0.9572130722067812 0.09671637683346401 0.8071282732743802 0.9731157639793706 0.8294046642529949 0.577352145256762 0.22789827565154686 0.23279088636103018 0.6356844442644002 0.2095070307714877 0.6480353852465935 0.7291267979503492 1.198364965748769 0.8506569039708662 0.40945612714255375 2025_05_18_14:43:50 -12717.343505859375
0.6394267984578837 0.11760000139474869 0.8788536190986633 0.6297972194380703 0.026535969683863625 0.5449414806032167 0.8094304566778266 0.6981393949882269 0.9572130722067812 0.09671637683346401 0.8071282732743802 0.9731157639793706 0.8294046642529949 0.577352145256762 0.22789827565154686 0.23279088636103018 0.6356844442644002 0.2095070307714877 0.6480353852465935 0.7291267979503492 1.2077678846665645 0.8517403649928585 0.4117943461646696 2025_05_18_14:43:51 -12918.00048828125
0.6394267984578837 0.11760000139474869 0.8788536190986633 0.6297972194380703 0.026535969683863625 0.5449414806032167 0.8094304566778266 0.6981393949882269 0.9572130722067812 0.09671637683346401 0.8071282732743802 0.9731157639793706 0.8294046642529949 0.577352145256762 0.22789827565154686 0.23279088636103018 0.6356844442644002 0.2095070307714877 0.6480353852465935 0.7291267979503492 1.2172276255243588 0.8559316325270058 0.41921703631232277 2025_05_18_14:43:51 -13118.657470703125
0.6394267984578837 0.1386869251728058 0.4141955077648163 0.029797219438070344 0.026535969683863625 0.5449414806032167 0.8094304566778266 0.6981393949882269 0.9572130722067812 0.09671637683346401 0.8071282732743802 0.9731157639793706 0.8294046642529949 0.577352145256762 0.22789827565154686 0.23279088636103018 0.6356844442644002 0.2095070307714877 0.6480353852465935 0.7291267979503492 1.221774799210064 0.8625593199076256 0.42563408098465494 2025_05_18_14:43:52 -14141.38525390625
0.6394267984578837 0.1386869251728058 0.4141955077648163 0.6297972194380703 0.026535969683863625 0.5449414806032167 0.8094304566778266 0.6981393949882269 0.9572130722067812 0.09671637683346401 0.8071282732743802 0.9731157639793706 0.8294046642529949 0.577352145256762 0.22789827565154686 0.23279088636103018 0.6356844442644002 0.2095070307714877 0.6480353852465935 0.7291267979503492 1.2283853756360372 0.8628171214054876 0.42578268425696203 2025_05_18_14:43:52 -14342.048583984375
0.6394267984578837 0.1386869251728058 0.4141955077648163 0.6297972194380703 0.026535969683863625 0.5449414806032167 0.8094304566778266 0.6981393949882269 0.9572130722067812 0.09671637683346401 0.8071282732743802 0.9731157639793706 0.8294046642529949 0.577352145256762 0.22789827565154686 0.23279088636103018 0.6356844442644002 0.2095070307714877 0.6480353852465935 0.7291267979503492 1.2289936297109822 0.8676069405154713 0.4297988568020876 2025_05_18_14:43:52 -14542.604248046875
0.6394267984578837 0.1386869251728058 0.4141955077648163 0.6297972194380703 0.026535969683863625 0.5449414806032167 0.8094304566778266 0.6981393949882269 0.9572130722067812 0.09671637683346401 0.8071282732743802 0.9731157639793706 0.8294046642529949 0.577352145256762 0.22789827565154686 0.23279088636103018 0.6356844442644002 0.2095070307714877 0.6480353852465935 0.7291267979503492 1.2362020288775581 0.8697571711787463 0.4343144059617404 2025_05_18_14:43:52 -14743.14013671875
