1MXY1_Y 1MXY1_X 1MS1 1MXY2_Y 1MXY2_X 1MS2 1MXY3_Y 1MXY3_X 1MXY4_Y 1MXY4_X 1MS3 1MXY5_Y 1MXY5_X 1MXY6_Y 1MS4 1MS5 1MS6 1MQ71_X 1MS7 1MS8 1BPM3_Y 1BPM3_X 1BPM3_SUM time milliseconds
0.13740000128746033 -0.18359999358654022 5.9720001220703125 -0.008999999612569809 0.06960000097751617 7.105999946594238 0.06419999897480011 -0.147599995136261 0.11100000143051147 0.298799991607666 4.5320000648498535 -0.16859999299049377 -0.1860000044107437 0.37400001287460327 4.245999813079834 1.281999945640564 3.2880001068115234 0.07559999823570251 2.0460000038146973 0.0 2.8005926609039307 -11.310826301574707 1333.1199951171875 2025_01_28_19:32:26 -232.423828125
0.13740000128746033 -0.18359999358654022 5.9720001220703125 -0.008999999612569809 0.06960000097751617 7.105999946594238 0.06419999897480011 -0.147599995136261 0.11100000143051147 0.298799991607666 4.5320000648498535 -0.16859999299049377 -0.1860000044107437 0.37400001287460327 4.245999813079834 1.281999945640564 3.2880001068115234 0.07559999823570251 2.0460000038146973 0.0 2.812729835510254 -11.68777084350586 1337.25 2025_01_28_19:32:27 -1039.087646484375
0.04964999854564667 -0.09650000184774399 5.9720001220703125 -0.008999999612569809 0.06960000097751617 7.105999946594238 0.06419999897480011 -0.147599995136261 0.11100000143051147 0.298799991607666 4.5320000648498535 -0.16859999299049377 -0.1860000044107437 0.37400001287460327 4.245999813079834 1.281999945640564 3.2880001068115234 0.07559999823570251 2.0460000038146973 0.0 2.7999517917633057 -11.261324882507324 1334.0400390625 2025_01_28_19:32:27 -1241.68408203125
0.04050000011920929 -0.10450000315904617 5.9720001220703125 -0.008999999612569809 0.06960000097751617 7.105999946594238 0.06419999897480011 -0.147599995136261 0.11100000143051147 0.298799991607666 4.5320000648498535 -0.16859999299049377 -0.1860000044107437 0.37400001287460327 4.245999813079834 1.281999945640564 3.2880001068115234 0.07559999823570251 2.0460000038146973 0.0 2.7112886905670166 -10.553610801696777 1322.1800537109375 2025_01_28_19:32:27 -1444.268798828125
0.058800000697374344 -0.10450000315904617 5.9720001220703125 -0.008999999612569809 0.06960000097751617 7.105999946594238 0.06419999897480011 -0.147599995136261 0.11100000143051147 0.298799991607666 4.5320000648498535 -0.16859999299049377 -0.1860000044107437 0.37400001287460327 4.245999813079834 1.281999945640564 3.2880001068115234 0.07559999823570251 2.0460000038146973 0.0 2.694004535675049 -9.987627983093262 1317.489990234375 2025_01_28_19:32:27 -1646.81884765625
0.04050000011920929 -0.0885000005364418 5.9720001220703125 -0.008999999612569809 0.06960000097751617 7.105999946594238 0.06419999897480011 -0.147599995136261 0.11100000143051147 0.298799991607666 4.5320000648498535 -0.16859999299049377 -0.1860000044107437 0.37400001287460327 4.245999813079834 1.281999945640564 3.2880001068115234 0.07559999823570251 2.0460000038146973 0.0 2.6570727825164795 -9.306888580322266 1311.489990234375 2025_01_28_19:32:28 -1849.423095703125
0.058800000697374344 -0.0885000005364418 5.9720001220703125 -0.008999999612569809 0.06960000097751617 7.105999946594238 0.06419999897480011 -0.147599995136261 0.11100000143051147 0.298799991607666 4.5320000648498535 -0.16859999299049377 -0.1860000044107437 0.37400001287460327 4.245999813079834 1.281999945640564 3.2880001068115234 0.07559999823570251 2.0460000038146973 0.0 2.6473217010498047 -8.573421478271484 1303.489990234375 2025_01_28_19:32:28 -2051.685791015625
0.0822359248995781 -0.20082221925258636 5.9720001220703125 -0.008999999612569809 0.06960000097751617 7.105999946594238 0.06419999897480011 -0.147599995136261 0.11100000143051147 0.298799991607666 4.5320000648498535 -0.16859999299049377 -0.1860000044107437 0.37400001287460327 4.245999813079834 1.281999945640564 3.2880001068115234 0.07559999823570251 2.0460000038146973 0.0 1.6510567665100098 -6.0688886642456055 1278.030029296875 2025_01_28_19:32:31 -4981.86865234375
0.08223599195480347 -0.20082221925258636 5.9720001220703125 -0.008999999612569809 0.06960000097751617 7.105999946594238 0.06419999897480011 -0.147599995136261 0.11100000143051147 0.298799991607666 4.5320000648498535 -0.16859999299049377 -0.1860000044107437 0.37400001287460327 4.245999813079834 1.281999945640564 3.2880001068115234 0.07559999823570251 2.0460000038146973 0.0 0.6714208722114563 -8.216411590576172 1296.9599609375 2025_01_28_19:32:32 -5940.83056640625
0.08208580315113068 -0.20082223415374756 5.9720001220703125 -0.008999999612569809 0.06960000097751617 7.105999946594238 0.06419999897480011 -0.147599995136261 0.11100000143051147 0.298799991607666 4.5320000648498535 -0.16859999299049377 -0.1860000044107437 0.37400001287460327 4.245999813079834 1.281999945640564 3.2880001068115234 0.07559999823570251 2.0460000038146973 0.0 0.0005603634053841233 -9.48347282409668 1329.6300048828125 2025_01_28_19:32:33 -7490.02587890625
0.0820072814822197 -0.20082220435142517 5.9720001220703125 -0.008999999612569809 0.06960000097751617 7.105999946594238 0.06419999897480011 -0.147599995136261 0.11100000143051147 0.298799991607666 4.5320000648498535 -0.16859999299049377 -0.1860000044107437 0.37400001287460327 4.245999813079834 1.281999945640564 3.2880001068115234 0.07559999823570251 2.0460000038146973 0.0 0.0005654623964801431 -9.46475601196289 1332.8499755859375 2025_01_28_19:32:34 -8417.161865234375
0.08178702741861343 -0.20082227885723114 5.9720001220703125 -0.008999999612569809 0.06960000097751617 7.105999946594238 0.06419999897480011 -0.147599995136261 0.11100000143051147 0.298799991607666 4.5320000648498535 -0.16859999299049377 -0.1860000044107437 0.37400001287460327 4.245999813079834 1.281999945640564 3.2880001068115234 0.07559999823570251 2.0460000038146973 0.0 0.04143446311354637 -9.454694747924805 1328.010009765625 2025_01_28_19:32:36 -9730.798583984375
0.08167994767427444 -0.20082218945026398 5.9720001220703125 -0.008999999612569809 0.06960000097751617 7.105999946594238 0.06419999897480011 -0.147599995136261 0.11100000143051147 0.298799991607666 4.5320000648498535 -0.16859999299049377 -0.1860000044107437 0.37400001287460327 4.245999813079834 1.281999945640564 3.2880001068115234 0.07559999823570251 2.0460000038146973 0.0 0.01719375140964985 -9.453694343566895 1317.969970703125 2025_01_28_19:32:36 -10682.158203125
0.08151129633188248 -0.20082220435142517 5.9720001220703125 -0.008999999612569809 0.06960000097751617 7.105999946594238 0.06419999897480011 -0.147599995136261 0.11100000143051147 0.298799991607666 4.5320000648498535 -0.16859999299049377 -0.1860000044107437 0.37400001287460327 4.245999813079834 1.281999945640564 3.2880001068115234 0.07559999823570251 2.0460000038146973 0.0 -0.06314317882061005 -9.474710464477539 1313.6099853515625 2025_01_28_19:32:38 -11763.6064453125
0.08133429288864136 -0.20082223415374756 5.9720001220703125 -0.008999999612569809 0.06960000097751617 7.105999946594238 0.06419999897480011 -0.147599995136261 0.11100000143051147 0.298799991607666 4.5320000648498535 -0.16859999299049377 -0.1860000044107437 0.37400001287460327 4.245999813079834 1.281999945640564 3.2880001068115234 0.07559999823570251 2.0460000038146973 0.0 -0.09227445721626282 -9.50622844696045 1310.550048828125 2025_01_28_19:32:38 -12567.14892578125
0.08110203593969345 -0.20082221925258636 5.9720001220703125 -0.008999999612569809 0.06960000097751617 7.105999946594238 0.06419999897480011 -0.147599995136261 0.11100000143051147 0.298799991607666 4.5320000648498535 -0.16859999299049377 -0.1860000044107437 0.37400001287460327 4.245999813079834 1.281999945640564 3.2880001068115234 0.07559999823570251 2.0460000038146973 0.0 -0.11954236775636673 -9.521210670471191 1318.3699951171875 2025_01_28_19:32:40 -13931.112060546875
0.08100000023841858 -0.20082220435142517 5.9720001220703125 -0.008999999612569809 0.06960000097751617 7.105999946594238 0.06419999897480011 -0.147599995136261 0.11100000143051147 0.298799991607666 4.5320000648498535 -0.16859999299049377 -0.1860000044107437 0.37400001287460327 4.245999813079834 1.281999945640564 3.2880001068115234 0.07559999823570251 2.0460000038146973 0.0 -0.1641978621482849 -9.47714614868164 1322.6300048828125 2025_01_28_19:32:40 -14594.678466796875
0.08100000023841858 -0.20082221925258636 5.9720001220703125 -0.008999999612569809 0.06960000097751617 7.105999946594238 0.06419999897480011 -0.147599995136261 0.11100000143051147 0.298799991607666 4.5320000648498535 -0.16859999299049377 -0.1860000044107437 0.37400001287460327 4.245999813079834 1.281999945640564 3.2880001068115234 0.07559999823570251 2.0460000038146973 0.0 -0.1849387288093567 -9.446022033691406 1324.1500244140625 2025_01_28_19:32:42 -15882.584716796875
0.08100000023841858 -0.20082221925258636 5.9720001220703125 -0.008999999612569809 0.06960000097751617 7.105999946594238 0.06419999897480011 -0.147599995136261 0.11100000143051147 0.298799991607666 4.5320000648498535 -0.16859999299049377 -0.1860000044107437 0.37400001287460327 4.245999813079834 1.281999945640564 3.2880001068115234 0.07559999823570251 2.0460000038146973 0.0 -0.09655702859163284 -9.463639259338379 1325.9200439453125 2025_01_28_19:32:42 -16645.63427734375
0.0822359248995781 -0.20082221925258636 5.9720001220703125 -0.008999999612569809 0.06960000097751617 7.105999946594238 0.06419999897480011 -0.147599995136261 0.11100000143051147 0.298799991607666 4.5320000648498535 -0.16859999299049377 -0.1860000044107437 0.37400001287460327 4.245999813079834 1.281999945640564 3.2880001068115234 0.07559999823570251 2.0460000038146973 0.0 -0.08948144316673279 -9.449481010437012 1326.6099853515625 2025_01_28_19:32:43 -16872.88427734375
