1MXY1_Y 1MXY1_X 1MS1 1MXY2_Y 1MXY2_X 1MS2 1MXY3_Y 1MXY3_X 1MXY4_Y 1MXY4_X 1MS3 1MXY5_Y 1MXY5_X 1MXY6_Y 1MS4 1MS5 1MS6 1MQ71_X 1MS7 1MS8 1BPM3_Y 1BPM3_X 1BPM3_SUM time milliseconds
0.04964999854564667 -0.09650000184774399 5.9720001220703125 -0.008999999612569809 0.06960000097751617 7.105999946594238 -0.009600000455975533 -0.335999995470047 0.11100000143051147 0.298799991607666 4.5320000648498535 -0.16859999299049377 -0.1860000044107437 0.37400001287460327 4.245999813079834 1.281999945640564 3.2880001068115234 0.07559999823570251 2.0460000038146973 0.0 1.5622584819793701 6.610577583312988 1158.469970703125 2025_01_28_19:20:09 -232.4140625
0.04964999854564667 -0.09650000184774399 5.9720001220703125 -0.008999999612569809 0.06960000097751617 7.105999946594238 -0.009600000455975533 -0.335999995470047 0.11100000143051147 0.298799991607666 4.5320000648498535 -0.16859999299049377 -0.1860000044107437 0.37400001287460327 4.245999813079834 1.281999945640564 3.2880001068115234 0.07559999823570251 2.0460000038146973 0.0 1.559146761894226 6.618535041809082 1157.5899658203125 2025_01_28_19:20:09 -1026.074951171875
0.04964999854564667 -0.09650000184774399 5.9720001220703125 -0.008999999612569809 0.06960000097751617 7.105999946594238 -0.009600000455975533 -0.335999995470047 0.11100000143051147 0.298799991607666 4.5320000648498535 -0.16859999299049377 -0.1860000044107437 0.37400001287460327 4.245999813079834 1.281999945640564 3.2880001068115234 0.07559999823570251 2.0460000038146973 0.0 1.5692275762557983 6.635560512542725 1159.780029296875 2025_01_28_19:20:10 -1228.7978515625
0.04050000011920929 -0.10450000315904617 5.9720001220703125 -0.008999999612569809 0.06960000097751617 7.105999946594238 -0.009600000455975533 -0.335999995470047 0.11100000143051147 0.298799991607666 4.5320000648498535 -0.16859999299049377 -0.1860000044107437 0.37400001287460327 4.245999813079834 1.281999945640564 3.2880001068115234 0.07559999823570251 2.0460000038146973 0.0 1.5219085216522217 6.641659736633301 1157.72998046875 2025_01_28_19:20:10 -1431.023681640625
0.058800000697374344 -0.10450000315904617 5.9720001220703125 -0.008999999612569809 0.06960000097751617 7.105999946594238 -0.009600000455975533 -0.335999995470047 0.11100000143051147 0.298799991607666 4.5320000648498535 -0.16859999299049377 -0.1860000044107437 0.37400001287460327 4.245999813079834 1.281999945640564 3.2880001068115234 0.07559999823570251 2.0460000038146973 0.0 1.562874436378479 6.584709644317627 1157.5999755859375 2025_01_28_19:20:10 -1633.66259765625
0.04050000011920929 -0.0885000005364418 5.9720001220703125 -0.008999999612569809 0.06960000097751617 7.105999946594238 -0.009600000455975533 -0.335999995470047 0.11100000143051147 0.298799991607666 4.5320000648498535 -0.16859999299049377 -0.1860000044107437 0.37400001287460327 4.245999813079834 1.281999945640564 3.2880001068115234 0.07559999823570251 2.0460000038146973 0.0 1.5678178071975708 6.562702655792236 1155.18994140625 2025_01_28_19:20:10 -1836.1240234375
0.058800000697374344 -0.0885000005364418 5.9720001220703125 -0.008999999612569809 0.06960000097751617 7.105999946594238 -0.009600000455975533 -0.335999995470047 0.11100000143051147 0.298799991607666 4.5320000648498535 -0.16859999299049377 -0.1860000044107437 0.37400001287460327 4.245999813079834 1.281999945640564 3.2880001068115234 0.07559999823570251 2.0460000038146973 0.0 1.6198936700820923 6.564905166625977 1155.0 2025_01_28_19:20:10 -2038.501220703125
0.08459905534982681 -0.1876712292432785 5.9720001220703125 -0.008999999612569809 0.06960000097751617 7.105999946594238 -0.009600000455975533 -0.335999995470047 0.11100000143051147 0.298799991607666 4.5320000648498535 -0.16859999299049377 -0.1860000044107437 0.37400001287460327 4.245999813079834 1.281999945640564 3.2880001068115234 0.07559999823570251 2.0460000038146973 0.0 1.8299483060836792 4.034746170043945 1174.6800537109375 2025_01_28_19:20:13 -4461.01220703125
0.08459904789924622 -0.1876712143421173 5.9720001220703125 -0.008999999612569809 0.06960000097751617 7.105999946594238 -0.009600000455975533 -0.335999995470047 0.11100000143051147 0.298799991607666 4.5320000648498535 -0.16859999299049377 -0.1860000044107437 0.37400001287460327 4.245999813079834 1.281999945640564 3.2880001068115234 0.07559999823570251 2.0460000038146973 0.0 1.6766070127487183 2.7601864337921143 1189.47998046875 2025_01_28_19:20:14 -5233.740966796875
0.11760000139474869 -0.18809156119823456 5.9720001220703125 -0.008999999612569809 0.06960000097751617 7.105999946594238 -0.009600000455975533 -0.335999995470047 0.11100000143051147 0.298799991607666 4.5320000648498535 -0.16859999299049377 -0.1860000044107437 0.37400001287460327 4.245999813079834 1.281999945640564 3.2880001068115234 0.07559999823570251 2.0460000038146973 0.0 1.4303267002105713 0.24867066740989685 1212.219970703125 2025_01_28_19:20:15 -6446.64208984375
0.11760000139474869 -0.1884467601776123 5.9720001220703125 -0.008999999612569809 0.06960000097751617 7.105999946594238 -0.009600000455975533 -0.335999995470047 0.11100000143051147 0.298799991607666 4.5320000648498535 -0.16859999299049377 -0.1860000044107437 0.37400001287460327 4.245999813079834 1.281999945640564 3.2880001068115234 0.07559999823570251 2.0460000038146973 0.0 1.696632742881775 0.049385592341423035 1211.1800537109375 2025_01_28_19:20:15 -6989.79248046875
0.11760000139474869 -0.18899118900299072 5.9720001220703125 -0.008999999612569809 0.06960000097751617 7.105999946594238 -0.009600000455975533 -0.335999995470047 0.11100000143051147 0.298799991607666 4.5320000648498535 -0.16859999299049377 -0.1860000044107437 0.37400001287460327 4.245999813079834 1.281999945640564 3.2880001068115234 0.07559999823570251 2.0460000038146973 0.0 2.158517360687256 -0.2475452870130539 1213.7099609375 2025_01_28_19:20:16 -7981.18212890625
0.11760000139474869 -0.18861132860183716 5.9720001220703125 -0.008999999612569809 0.06960000097751617 7.105999946594238 -0.009600000455975533 -0.335999995470047 0.11100000143051147 0.298799991607666 4.5320000648498535 -0.16859999299049377 -0.1860000044107437 0.37400001287460327 4.245999813079834 1.281999945640564 3.2880001068115234 0.07559999823570251 2.0460000038146973 0.0 2.2775378227233887 -0.3590148091316223 1213.68994140625 2025_01_28_19:20:17 -8407.52294921875
0.11760000139474869 -0.19206039607524872 5.9720001220703125 -0.008999999612569809 0.06960000097751617 7.105999946594238 -0.009600000455975533 -0.335999995470047 0.11100000143051147 0.298799991607666 4.5320000648498535 -0.16859999299049377 -0.1860000044107437 0.37400001287460327 4.245999813079834 1.281999945640564 3.2880001068115234 0.07559999823570251 2.0460000038146973 0.0 2.5497679710388184 -0.5991948843002319 1216.31005859375 2025_01_28_19:20:18 -9581.072509765625
0.11760000139474869 -0.1873796135187149 5.9720001220703125 -0.008999999612569809 0.06960000097751617 7.105999946594238 -0.009600000455975533 -0.335999995470047 0.11100000143051147 0.298799991607666 4.5320000648498535 -0.16859999299049377 -0.1860000044107437 0.37400001287460327 4.245999813079834 1.281999945640564 3.2880001068115234 0.07559999823570251 2.0460000038146973 0.0 2.5395288467407227 -0.6536314487457275 1215.0699462890625 2025_01_28_19:20:19 -10493.5224609375
0.11760000139474869 -0.20900000631809235 5.9720001220703125 -0.008999999612569809 0.06960000097751617 7.105999946594238 -0.009600000455975533 -0.335999995470047 0.11100000143051147 0.298799991607666 4.5320000648498535 -0.16859999299049377 -0.1860000044107437 0.37400001287460327 4.245999813079834 1.281999945640564 3.2880001068115234 0.07559999823570251 2.0460000038146973 0.0 2.4172439575195312 -0.7780638933181763 1214.530029296875 2025_01_28_19:20:20 -11410.2763671875
0.11760000139474869 -0.1770000010728836 5.9720001220703125 -0.008999999612569809 0.06960000097751617 7.105999946594238 -0.009600000455975533 -0.335999995470047 0.11100000143051147 0.298799991607666 4.5320000648498535 -0.16859999299049377 -0.1860000044107437 0.37400001287460327 4.245999813079834 1.281999945640564 3.2880001068115234 0.07559999823570251 2.0460000038146973 0.0 2.3669321537017822 -0.8082323670387268 1214.1600341796875 2025_01_28_19:20:20 -11750.861328125
0.11513109505176544 -0.18819688260555267 5.9720001220703125 -0.008999999612569809 0.06960000097751617 7.105999946594238 -0.009600000455975533 -0.335999995470047 0.11100000143051147 0.298799991607666 4.5320000648498535 -0.16859999299049377 -0.1860000044107437 0.37400001287460327 4.245999813079834 1.281999945640564 3.2880001068115234 0.07559999823570251 2.0460000038146973 0.0 2.5505788326263428 -0.5815560817718506 1210.72998046875 2025_01_28_19:20:22 -13236.48095703125
0.11447234451770782 -0.20535597205162048 5.9720001220703125 -0.008999999612569809 0.06960000097751617 7.105999946594238 -0.009600000455975533 -0.335999995470047 0.11100000143051147 0.298799991607666 4.5320000648498535 -0.16859999299049377 -0.1860000044107437 0.37400001287460327 4.245999813079834 1.281999945640564 3.2880001068115234 0.07559999823570251 2.0460000038146973 0.0 2.507335901260376 -0.5780961513519287 1213.780029296875 2025_01_28_19:20:23 -14570.1015625
