1MXY1_Y 1MXY1_X 1MS1 1MXY2_Y 1MXY2_X 1MS2 1MXY3_Y 1MXY3_X 1MXY4_Y 1MXY4_X 1MS3 1MXY5_Y 1MXY5_X 1MXY6_Y 1MS4 1MS5 1MS6 1MQ71_X 1MS7 1MS8 1BPM3_X 1BPM3_Y 1BPM3_SUM time milliseconds
0.6394267984578837 0.22321073814882275 0.8921795677048454 0.029797219438070344 0.026535969683863625 0.5449414806032167 0.8094304566778266 0.6981393949882269 0.9572130722067812 0.09671637683346401 0.8071282732743802 0.9731157639793706 0.8294046642529949 0.577352145256762 0.22789827565154686 0.23279088636103018 0.6356844442644002 0.2095070307714877 0.6480353852465935 0.7291267979503492 0.9899945143908426 0.6857107422933812 0.23532253238113526 2025_02_10_19:34:18 -206.65673828125
0.6394267984578837 0.22321073814882275 0.8921795677048454 0.029797219438070344 0.026535969683863625 0.5449414806032167 0.8094304566778266 0.6981393949882269 0.9572130722067812 0.09671637683346401 0.8071282732743802 0.9731157639793706 0.8294046642529949 0.577352145256762 0.22789827565154686 0.23279088636103018 0.6356844442644002 0.2095070307714877 0.6480353852465935 0.7291267979503492 0.9950003755213456 0.6874972610986826 0.24444881077458347 2025_02_10_19:34:19 -988.177978515625
0.6394267984578837 0.22321073814882275 1.4921795677048455 0.029797219438070344 0.026535969683863625 0.5449414806032167 0.8094304566778266 0.6981393949882269 0.9572130722067812 0.09671637683346401 0.8071282732743802 0.9731157639793706 0.8294046642529949 0.577352145256762 0.22789827565154686 0.23279088636103018 0.6356844442644002 0.2095070307714877 0.6480353852465935 0.7291267979503492 0.9998602801545117 0.6881893862833665 0.25205483242715576 2025_02_10_19:34:19 -1189.306396484375
0.6394267984578837 0.22321073814882275 1.4921795677048455 0.029797219438070344 0.026535969683863625 0.5449414806032167 0.8094304566778266 0.6981393949882269 0.9572130722067812 0.09671637683346401 0.8071282732743802 0.9731157639793706 0.8294046642529949 0.577352145256762 0.22789827565154686 0.23279088636103018 0.6356844442644002 0.2095070307714877 0.6480353852465935 0.7291267979503492 1.0021614274804775 0.690391560127882 0.25276476328724606 2025_02_10_19:34:19 -1390.297607421875
0.6394267984578837 0.22321073814882275 1.4921795677048455 0.029797219438070344 0.026535969683863625 0.5449414806032167 0.8094304566778266 0.6981393949882269 0.9572130722067812 0.09671637683346401 0.8071282732743802 0.9731157639793706 0.8294046642529949 0.577352145256762 0.22789827565154686 0.23279088636103018 0.6356844442644002 0.2095070307714877 0.6480353852465935 0.7291267979503492 1.0088950729534105 0.7002332122415417 0.25374894199876563 2025_02_10_19:34:20 -1591.336181640625
0.04965 -0.0965 0.8921795677048454 0.019 0.06870000000000001 0.5449414806032167 0.8094304566778266 0.6981393949882269 0.9572130722067812 0.09671637683346401 0.8071282732743802 0.9731157639793706 0.8294046642529949 0.577352145256762 0.22789827565154686 0.23279088636103018 0.6356844442644002 0.2095070307714877 0.6480353852465935 0.7291267979503492 1.0137514842079176 0.7023706852335335 0.25775934492426017 2025_02_10_19:34:20 -1792.758544921875
0.04965 -0.0965 1.4921795677048455 0.019 0.06870000000000001 0.5449414806032167 0.8094304566778266 0.6981393949882269 0.9572130722067812 0.09671637683346401 0.8071282732743802 0.9731157639793706 0.8294046642529949 0.577352145256762 0.22789827565154686 0.23279088636103018 0.6356844442644002 0.2095070307714877 0.6480353852465935 0.7291267979503492 1.0222786831284005 0.7039450125129284 0.2673671339570047 2025_02_10_19:34:20 -1993.767578125
0.04965 -0.0965 1.4921795677048455 0.019 0.06870000000000001 0.5449414806032167 0.8094304566778266 0.6981393949882269 0.9572130722067812 0.09671637683346401 0.8071282732743802 0.9731157639793706 0.8294046642529949 0.577352145256762 0.22789827565154686 0.23279088636103018 0.6356844442644002 0.2095070307714877 0.6480353852465935 0.7291267979503492 1.0254404550911191 0.7114636574370724 0.26809256510193624 2025_02_10_19:34:20 -2194.811279296875
0.04965 -0.0965 1.4921795677048455 0.019 0.06870000000000001 0.5449414806032167 0.8094304566778266 0.6981393949882269 0.9572130722067812 0.09671637683346401 0.8071282732743802 0.9731157639793706 0.8294046642529949 0.577352145256762 0.22789827565154686 0.23279088636103018 0.6356844442644002 0.2095070307714877 0.6480353852465935 0.7291267979503492 1.0348297551303902 0.7128065685810061 0.2692468518061273 2025_02_10_19:34:20 -2395.60400390625
0.0405 -0.1045 0.8921795677048454 -0.0015 0.0432 0.5449414806032167 0.8094304566778266 0.6981393949882269 0.9572130722067812 0.09671637683346401 0.8071282732743802 0.9731157639793706 0.8294046642529949 0.577352145256762 0.22789827565154686 0.23279088636103018 0.6356844442644002 0.2095070307714877 0.6480353852465935 0.7291267979503492 1.039106624320197 0.7129032655770895 0.26999929040686493 2025_02_10_19:34:21 -2596.5751953125
0.0405 -0.1045 1.4921795677048455 -0.0015 0.0432 0.5449414806032167 0.8094304566778266 0.6981393949882269 0.9572130722067812 0.09671637683346401 0.8071282732743802 0.9731157639793706 0.8294046642529949 0.577352145256762 0.22789827565154686 0.23279088636103018 0.6356844442644002 0.2095070307714877 0.6480353852465935 0.7291267979503492 1.0484054344771336 0.7215493225392892 0.2797613507361746 2025_02_10_19:34:21 -2797.32421875
0.0405 -0.1045 1.4921795677048455 -0.0015 0.0432 0.5449414806032167 0.8094304566778266 0.6981393949882269 0.9572130722067812 0.09671637683346401 0.8071282732743802 0.9731157639793706 0.8294046642529949 0.577352145256762 0.22789827565154686 0.23279088636103018 0.6356844442644002 0.2095070307714877 0.6480353852465935 0.7291267979503492 1.0486420788241482 0.7234806204225662 0.28304397024815164 2025_02_10_19:34:21 -2998.3046875
0.0405 -0.1045 1.4921795677048455 -0.0015 0.0432 0.5449414806032167 0.8094304566778266 0.6981393949882269 0.9572130722067812 0.09671637683346401 0.8071282732743802 0.9731157639793706 0.8294046642529949 0.577352145256762 0.22789827565154686 0.23279088636103018 0.6356844442644002 0.2095070307714877 0.6480353852465935 0.7291267979503492 1.0544079592591142 0.726027845483952 0.2901318230864933 2025_02_10_19:34:21 -3199.332763671875
0.0405 -0.1045 0.8921795677048454 0.0395 0.0432 0.5449414806032167 0.8094304566778266 0.6981393949882269 0.9572130722067812 0.09671637683346401 0.8071282732743802 0.9731157639793706 0.8294046642529949 0.577352145256762 0.22789827565154686 0.23279088636103018 0.6356844442644002 0.2095070307714877 0.6480353852465935 0.7291267979503492 1.063811595966416 0.7328010249366794 0.29915987854381915 2025_02_10_19:34:21 -3400.324951171875
0.0405 -0.1045 1.4921795677048455 0.0395 0.0432 0.5449414806032167 0.8094304566778266 0.6981393949882269 0.9572130722067812 0.09671637683346401 0.8071282732743802 0.9731157639793706 0.8294046642529949 0.577352145256762 0.22789827565154686 0.23279088636103018 0.6356844442644002 0.2095070307714877 0.6480353852465935 0.7291267979503492 1.0713229773418234 0.7395289816422511 0.30140628520379203 2025_02_10_19:34:22 -3601.0791015625
0.0405 -0.1045 1.4921795677048455 0.0395 0.0432 0.5449414806032167 0.8094304566778266 0.6981393949882269 0.9572130722067812 0.09671637683346401 0.8071282732743802 0.9731157639793706 0.8294046642529949 0.577352145256762 0.22789827565154686 0.23279088636103018 0.6356844442644002 0.2095070307714877 0.6480353852465935 0.7291267979503492 1.0765025548462608 0.7400311654936576 0.30389826800039177 2025_02_10_19:34:22 -3801.91845703125
0.0405 -0.1045 1.4921795677048455 0.0395 0.0432 0.5449414806032167 0.8094304566778266 0.6981393949882269 0.9572130722067812 0.09671637683346401 0.8071282732743802 0.9731157639793706 0.8294046642529949 0.577352145256762 0.22789827565154686 0.23279088636103018 0.6356844442644002 0.2095070307714877 0.6480353852465935 0.7291267979503492 1.0817155529745406 0.7462986498634754 0.3066442424695672 2025_02_10_19:34:22 -4002.74755859375
0.0405 -0.1045 0.8921795677048454 -0.0015 0.0942 0.5449414806032167 0.8094304566778266 0.6981393949882269 0.9572130722067812 0.09671637683346401 0.8071282732743802 0.9731157639793706 0.8294046642529949 0.577352145256762 0.22789827565154686 0.23279088636103018 0.6356844442644002 0.2095070307714877 0.6480353852465935 0.7291267979503492 1.0855193632638176 0.7463576106993153 0.31016183049628543 2025_02_10_19:34:22 -4203.7353515625
0.0405 -0.1045 1.4921795677048455 -0.0015 0.0942 0.5449414806032167 0.8094304566778266 0.6981393949882269 0.9572130722067812 0.09671637683346401 0.8071282732743802 0.9731157639793706 0.8294046642529949 0.577352145256762 0.22789827565154686 0.23279088636103018 0.6356844442644002 0.2095070307714877 0.6480353852465935 0.7291267979503492 1.0911632830940654 0.7466286311627184 0.31658932697637876 2025_02_10_19:34:22 -4404.73828125
0.0405 -0.1045 1.4921795677048455 -0.0015 0.0942 0.5449414806032167 0.8094304566778266 0.6981393949882269 0.9572130722067812 0.09671637683346401 0.8071282732743802 0.9731157639793706 0.8294046642529949 0.577352145256762 0.22789827565154686 0.23279088636103018 0.6356844442644002 0.2095070307714877 0.6480353852465935 0.7291267979503492 1.1006594004212253 0.7486222379863438 0.3167931271495821 2025_02_10_19:34:23 -4605.443359375
0.0405 -0.1045 1.4921795677048455 -0.0015 0.0942 0.5449414806032167 0.8094304566778266 0.6981393949882269 0.9572130722067812 0.09671637683346401 0.8071282732743802 0.9731157639793706 0.8294046642529949 0.577352145256762 0.22789827565154686 0.23279088636103018 0.6356844442644002 0.2095070307714877 0.6480353852465935 0.7291267979503492 1.101419365199656 0.7555283821456735 0.32306555110559254 2025_02_10_19:34:23 -4806.2880859375
0.0405 -0.1045 0.8921795677048454 0.0395 0.0942 0.5449414806032167 0.8094304566778266 0.6981393949882269 0.9572130722067812 0.09671637683346401 0.8071282732743802 0.9731157639793706 0.8294046642529949 0.577352145256762 0.22789827565154686 0.23279088636103018 0.6356844442644002 0.2095070307714877 0.6480353852465935 0.7291267979503492 1.1087573182397898 0.7651831194580543 0.32576637506946654 2025_02_10_19:34:23 -5007.2021484375
0.0405 -0.1045 1.4921795677048455 0.0395 0.0942 0.5449414806032167 0.8094304566778266 0.6981393949882269 0.9572130722067812 0.09671637683346401 0.8071282732743802 0.9731157639793706 0.8294046642529949 0.577352145256762 0.22789827565154686 0.23279088636103018 0.6356844442644002 0.2095070307714877 0.6480353852465935 0.7291267979503492 1.117560518037372 0.7721949569613763 0.3285290608270284 2025_02_10_19:34:23 -5208.03955078125
0.0405 -0.1045 1.4921795677048455 0.0395 0.0942 0.5449414806032167 0.8094304566778266 0.6981393949882269 0.9572130722067812 0.09671637683346401 0.8071282732743802 0.9731157639793706 0.8294046642529949 0.577352145256762 0.22789827565154686 0.23279088636103018 0.6356844442644002 0.2095070307714877 0.6480353852465935 0.7291267979503492 1.1245890674592296 0.7749041212311383 0.33104309758903777 2025_02_10_19:34:23 -5408.86767578125
0.0405 -0.1045 1.4921795677048455 0.0395 0.0942 0.5449414806032167 0.8094304566778266 0.6981393949882269 0.9572130722067812 0.09671637683346401 0.8071282732743802 0.9731157639793706 0.8294046642529949 0.577352145256762 0.22789827565154686 0.23279088636103018 0.6356844442644002 0.2095070307714877 0.6480353852465935 0.7291267979503492 1.1301226571272156 0.7818782951602402 0.33230589251862186 2025_02_10_19:34:24 -5609.72705078125
0.0588 -0.1045 0.8921795677048454 -0.0015 0.0432 0.5449414806032167 0.8094304566778266 0.6981393949882269 0.9572130722067812 0.09671637683346401 0.8071282732743802 0.9731157639793706 0.8294046642529949 0.577352145256762 0.22789827565154686 0.23279088636103018 0.6356844442644002 0.2095070307714877 0.6480353852465935 0.7291267979503492 1.1377670915804776 0.7879414716726698 0.34021330081705603 2025_02_10_19:34:24 -5810.696533203125
0.0588 -0.1045 1.4921795677048455 -0.0015 0.0432 0.5449414806032167 0.8094304566778266 0.6981393949882269 0.9572130722067812 0.09671637683346401 0.8071282732743802 0.9731157639793706 0.8294046642529949 0.577352145256762 0.22789827565154686 0.23279088636103018 0.6356844442644002 0.2095070307714877 0.6480353852465935 0.7291267979503492 1.1406796844707878 0.7902562340182301 0.3472828591158464 2025_02_10_19:34:24 -6011.404052734375
0.0588 -0.1045 1.4921795677048455 -0.0015 0.0432 0.5449414806032167 0.8094304566778266 0.6981393949882269 0.9572130722067812 0.09671637683346401 0.8071282732743802 0.9731157639793706 0.8294046642529949 0.577352145256762 0.22789827565154686 0.23279088636103018 0.6356844442644002 0.2095070307714877 0.6480353852465935 0.7291267979503492 1.1475664643829087 0.7972535708679872 0.3567096215232868 2025_02_10_19:34:24 -6212.1474609375
0.0588 -0.1045 1.4921795677048455 -0.0015 0.0432 0.5449414806032167 0.8094304566778266 0.6981393949882269 0.9572130722067812 0.09671637683346401 0.8071282732743802 0.9731157639793706 0.8294046642529949 0.577352145256762 0.22789827565154686 0.23279088636103018 0.6356844442644002 0.2095070307714877 0.6480353852465935 0.7291267979503492 1.14938135585514 0.8031068671207657 0.3630574687178276 2025_02_10_19:34:24 -6412.9697265625
0.0588 -0.1045 0.8921795677048454 0.0395 0.0432 0.5449414806032167 0.8094304566778266 0.6981393949882269 0.9572130722067812 0.09671637683346401 0.8071282732743802 0.9731157639793706 0.8294046642529949 0.577352145256762 0.22789827565154686 0.23279088636103018 0.6356844442644002 0.2095070307714877 0.6480353852465935 0.7291267979503492 1.154807291798712 0.807239342828759 0.3649332941317729 2025_02_10_19:34:25 -6613.906982421875
0.0588 -0.1045 1.4921795677048455 0.0395 0.0432 0.5449414806032167 0.8094304566778266 0.6981393949882269 0.9572130722067812 0.09671637683346401 0.8071282732743802 0.9731157639793706 0.8294046642529949 0.577352145256762 0.22789827565154686 0.23279088636103018 0.6356844442644002 0.2095070307714877 0.6480353852465935 0.7291267979503492 1.1559819532896076 0.815560774566448 0.3699170491788448 2025_02_10_19:34:25 -6814.52978515625
0.0588 -0.1045 1.4921795677048455 0.0395 0.0432 0.5449414806032167 0.8094304566778266 0.6981393949882269 0.9572130722067812 0.09671637683346401 0.8071282732743802 0.9731157639793706 0.8294046642529949 0.577352145256762 0.22789827565154686 0.23279088636103018 0.6356844442644002 0.2095070307714877 0.6480353852465935 0.7291267979503492 1.1618513305137492 0.8255497978987414 0.37481345264540183 2025_02_10_19:34:25 -7015.08251953125
0.0588 -0.1045 1.4921795677048455 0.0395 0.0432 0.5449414806032167 0.8094304566778266 0.6981393949882269 0.9572130722067812 0.09671637683346401 0.8071282732743802 0.9731157639793706 0.8294046642529949 0.577352145256762 0.22789827565154686 0.23279088636103018 0.6356844442644002 0.2095070307714877 0.6480353852465935 0.7291267979503492 1.1668046170099136 0.8259199940121972 0.3798363641467315 2025_02_10_19:34:25 -7215.6455078125
0.0588 -0.1045 0.8921795677048454 -0.0015 0.0942 0.5449414806032167 0.8094304566778266 0.6981393949882269 0.9572130722067812 0.09671637683346401 0.8071282732743802 0.9731157639793706 0.8294046642529949 0.577352145256762 0.22789827565154686 0.23279088636103018 0.6356844442644002 0.2095070307714877 0.6480353852465935 0.7291267979503492 1.1739917912621434 0.8335140121055408 0.38856019432071687 2025_02_10_19:34:25 -7416.48388671875
0.0588 -0.1045 1.4921795677048455 -0.0015 0.0942 0.5449414806032167 0.8094304566778266 0.6981393949882269 0.9572130722067812 0.09671637683346401 0.8071282732743802 0.9731157639793706 0.8294046642529949 0.577352145256762 0.22789827565154686 0.23279088636103018 0.6356844442644002 0.2095070307714877 0.6480353852465935 0.7291267979503492 1.1819169860009529 0.8352138485962217 0.38934987782731684 2025_02_10_19:34:26 -7617.07080078125
0.0588 -0.1045 1.4921795677048455 -0.0015 0.0942 0.5449414806032167 0.8094304566778266 0.6981393949882269 0.9572130722067812 0.09671637683346401 0.8071282732743802 0.9731157639793706 0.8294046642529949 0.577352145256762 0.22789827565154686 0.23279088636103018 0.6356844442644002 0.2095070307714877 0.6480353852465935 0.7291267979503492 1.1839091559920418 0.8390607810858952 0.394181958437909 2025_02_10_19:34:26 -7817.621826171875
0.0588 -0.1045 1.4921795677048455 -0.0015 0.0942 0.5449414806032167 0.8094304566778266 0.6981393949882269 0.9572130722067812 0.09671637683346401 0.8071282732743802 0.9731157639793706 0.8294046642529949 0.577352145256762 0.22789827565154686 0.23279088636103018 0.6356844442644002 0.2095070307714877 0.6480353852465935 0.7291267979503492 1.190118067623345 0.8458384256721289 0.4013912422046161 2025_02_10_19:34:26 -8018.097412109375
0.0588 -0.1045 0.8921795677048454 0.0395 0.0942 0.5449414806032167 0.8094304566778266 0.6981393949882269 0.9572130722067812 0.09671637683346401 0.8071282732743802 0.9731157639793706 0.8294046642529949 0.577352145256762 0.22789827565154686 0.23279088636103018 0.6356844442644002 0.2095070307714877 0.6480353852465935 0.7291267979503492 1.198364965748769 0.8506569039708662 0.40945612714255375 2025_02_10_19:34:26 -8218.908447265625
0.0588 -0.1045 1.4921795677048455 0.0395 0.0942 0.5449414806032167 0.8094304566778266 0.6981393949882269 0.9572130722067812 0.09671637683346401 0.8071282732743802 0.9731157639793706 0.8294046642529949 0.577352145256762 0.22789827565154686 0.23279088636103018 0.6356844442644002 0.2095070307714877 0.6480353852465935 0.7291267979503492 1.2077678846665645 0.8517403649928585 0.4117943461646696 2025_02_10_19:34:26 -8419.521240234375
0.0588 -0.1045 1.4921795677048455 0.0395 0.0942 0.5449414806032167 0.8094304566778266 0.6981393949882269 0.9572130722067812 0.09671637683346401 0.8071282732743802 0.9731157639793706 0.8294046642529949 0.577352145256762 0.22789827565154686 0.23279088636103018 0.6356844442644002 0.2095070307714877 0.6480353852465935 0.7291267979503492 1.2172276255243588 0.8559316325270058 0.41921703631232277 2025_02_10_19:34:27 -8620.15185546875
0.0588 -0.1045 1.4921795677048455 0.0395 0.0942 0.5449414806032167 0.8094304566778266 0.6981393949882269 0.9572130722067812 0.09671637683346401 0.8071282732743802 0.9731157639793706 0.8294046642529949 0.577352145256762 0.22789827565154686 0.23279088636103018 0.6356844442644002 0.2095070307714877 0.6480353852465935 0.7291267979503492 1.221774799210064 0.8625593199076256 0.42563408098465494 2025_02_10_19:34:27 -8820.760498046875
0.0405 -0.0885 0.8921795677048454 -0.0015 0.0432 0.5449414806032167 0.8094304566778266 0.6981393949882269 0.9572130722067812 0.09671637683346401 0.8071282732743802 0.9731157639793706 0.8294046642529949 0.577352145256762 0.22789827565154686 0.23279088636103018 0.6356844442644002 0.2095070307714877 0.6480353852465935 0.7291267979503492 1.2283853756360372 0.8628171214054876 0.42578268425696203 2025_02_10_19:34:27 -9021.97021484375
0.0405 -0.0885 1.4921795677048455 -0.0015 0.0432 0.5449414806032167 0.8094304566778266 0.6981393949882269 0.9572130722067812 0.09671637683346401 0.8071282732743802 0.9731157639793706 0.8294046642529949 0.577352145256762 0.22789827565154686 0.23279088636103018 0.6356844442644002 0.2095070307714877 0.6480353852465935 0.7291267979503492 1.2289936297109822 0.8676069405154713 0.4297988568020876 2025_02_10_19:34:27 -9222.583251953125
0.0405 -0.0885 1.4921795677048455 -0.0015 0.0432 0.5449414806032167 0.8094304566778266 0.6981393949882269 0.9572130722067812 0.09671637683346401 0.8071282732743802 0.9731157639793706 0.8294046642529949 0.577352145256762 0.22789827565154686 0.23279088636103018 0.6356844442644002 0.2095070307714877 0.6480353852465935 0.7291267979503492 1.2362020288775581 0.8697571711787463 0.4343144059617404 2025_02_10_19:34:27 -9423.063720703125
0.0405 -0.0885 1.4921795677048455 -0.0015 0.0432 0.5449414806032167 0.8094304566778266 0.6981393949882269 0.9572130722067812 0.09671637683346401 0.8071282732743802 0.9731157639793706 0.8294046642529949 0.577352145256762 0.22789827565154686 0.23279088636103018 0.6356844442644002 0.2095070307714877 0.6480353852465935 0.7291267979503492 1.2374243417311037 0.873293151975084 0.4409678111617696 2025_02_10_19:34:28 -9623.61328125
0.0405 -0.0885 0.8921795677048454 0.0395 0.0432 0.5449414806032167 0.8094304566778266 0.6981393949882269 0.9572130722067812 0.09671637683346401 0.8071282732743802 0.9731157639793706 0.8294046642529949 0.577352145256762 0.22789827565154686 0.23279088636103018 0.6356844442644002 0.2095070307714877 0.6480353852465935 0.7291267979503492 1.2438513333694021 0.8735556902896198 0.45025865407171894 2025_02_10_19:34:28 -9824.349853515625
0.0405 -0.0885 1.4921795677048455 0.0395 0.0432 0.5449414806032167 0.8094304566778266 0.6981393949882269 0.9572130722067812 0.09671637683346401 0.8071282732743802 0.9731157639793706 0.8294046642529949 0.577352145256762 0.22789827565154686 0.23279088636103018 0.6356844442644002 0.2095070307714877 0.6480353852465935 0.7291267979503492 1.249527268935546 0.8744052606893915 0.45078474233597415 2025_02_10_19:34:28 -10024.881591796875
0.0405 -0.0885 1.4921795677048455 0.0395 0.0432 0.5449414806032167 0.8094304566778266 0.6981393949882269 0.9572130722067812 0.09671637683346401 0.8071282732743802 0.9731157639793706 0.8294046642529949 0.577352145256762 0.22789827565154686 0.23279088636103018 0.6356844442644002 0.2095070307714877 0.6480353852465935 0.7291267979503492 1.2516396087277493 0.8757776087419648 0.4533399373761888 2025_02_10_19:34:28 -10225.505615234375
0.0405 -0.0885 1.4921795677048455 0.0395 0.0432 0.5449414806032167 0.8094304566778266 0.6981393949882269 0.9572130722067812 0.09671637683346401 0.8071282732743802 0.9731157639793706 0.8294046642529949 0.577352145256762 0.22789827565154686 0.23279088636103018 0.6356844442644002 0.2095070307714877 0.6480353852465935 0.7291267979503492 1.2518481743179968 0.8790252905364199 0.4613531589192933 2025_02_10_19:34:28 -10426.28857421875
0.0405 -0.0885 0.8921795677048454 -0.0015 0.0942 0.5449414806032167 0.8094304566778266 0.6981393949882269 0.9572130722067812 0.09671637683346401 0.8071282732743802 0.9731157639793706 0.8294046642529949 0.577352145256762 0.22789827565154686 0.23279088636103018 0.6356844442644002 0.2095070307714877 0.6480353852465935 0.7291267979503492 1.2599985443754969 0.8813879790258871 0.46281760110207026 2025_02_10_19:34:29 -10627.093017578125
0.0405 -0.0885 1.4921795677048455 -0.0015 0.0942 0.5449414806032167 0.8094304566778266 0.6981393949882269 0.9572130722067812 0.09671637683346401 0.8071282732743802 0.9731157639793706 0.8294046642529949 0.577352145256762 0.22789827565154686 0.23279088636103018 0.6356844442644002 0.2095070307714877 0.6480353852465935 0.7291267979503492 1.2627452810503585 0.8819497002280179 0.46789096995496804 2025_02_10_19:34:29 -10827.671875
0.0405 -0.0885 1.4921795677048455 -0.0015 0.0942 0.5449414806032167 0.8094304566778266 0.6981393949882269 0.9572130722067812 0.09671637683346401 0.8071282732743802 0.9731157639793706 0.8294046642529949 0.577352145256762 0.22789827565154686 0.23279088636103018 0.6356844442644002 0.2095070307714877 0.6480353852465935 0.7291267979503492 1.2637802998230625 0.8909409685675757 0.4713253477133507 2025_02_10_19:34:29 -11028.273681640625
0.0405 -0.0885 1.4921795677048455 -0.0015 0.0942 0.5449414806032167 0.8094304566778266 0.6981393949882269 0.9572130722067812 0.09671637683346401 0.8071282732743802 0.9731157639793706 0.8294046642529949 0.577352145256762 0.22789827565154686 0.23279088636103018 0.6356844442644002 0.2095070307714877 0.6480353852465935 0.7291267979503492 1.2703459406871673 0.9000043955392124 0.4800581443339561 2025_02_10_19:34:29 -11228.8388671875
0.0405 -0.0885 0.8921795677048454 0.0395 0.0942 0.5449414806032167 0.8094304566778266 0.6981393949882269 0.9572130722067812 0.09671637683346401 0.8071282732743802 0.9731157639793706 0.8294046642529949 0.577352145256762 0.22789827565154686 0.23279088636103018 0.6356844442644002 0.2095070307714877 0.6480353852465935 0.7291267979503492 1.2739642216506353 0.9036303722290329 0.48186077356272455 2025_02_10_19:34:29 -11429.650390625
0.0405 -0.0885 1.4921795677048455 0.0395 0.0942 0.5449414806032167 0.8094304566778266 0.6981393949882269 0.9572130722067812 0.09671637683346401 0.8071282732743802 0.9731157639793706 0.8294046642529949 0.577352145256762 0.22789827565154686 0.23279088636103018 0.6356844442644002 0.2095070307714877 0.6480353852465935 0.7291267979503492 1.275619613308076 0.9080071062804164 0.4859693596776899 2025_02_10_19:34:30 -11630.2548828125
0.0405 -0.0885 1.4921795677048455 0.0395 0.0942 0.5449414806032167 0.8094304566778266 0.6981393949882269 0.9572130722067812 0.09671637683346401 0.8071282732743802 0.9731157639793706 0.8294046642529949 0.577352145256762 0.22789827565154686 0.23279088636103018 0.6356844442644002 0.2095070307714877 0.6480353852465935 0.7291267979503492 1.2836322055495915 0.9093910916264507 0.48846939179357995 2025_02_10_19:34:30 -11830.8369140625
0.0405 -0.0885 1.4921795677048455 0.0395 0.0942 0.5449414806032167 0.8094304566778266 0.6981393949882269 0.9572130722067812 0.09671637683346401 0.8071282732743802 0.9731157639793706 0.8294046642529949 0.577352145256762 0.22789827565154686 0.23279088636103018 0.6356844442644002 0.2095070307714877 0.6480353852465935 0.7291267979503492 1.2935774590619744 0.9131402183606284 0.4887512672488615 2025_02_10_19:34:30 -12031.5576171875
0.0588 -0.0885 0.8921795677048454 -0.0015 0.0432 0.5449414806032167 0.8094304566778266 0.6981393949882269 0.9572130722067812 0.09671637683346401 0.8071282732743802 0.9731157639793706 0.8294046642529949 0.577352145256762 0.22789827565154686 0.23279088636103018 0.6356844442644002 0.2095070307714877 0.6480353852465935 0.7291267979503492 1.2965889710078367 0.9136177128268169 0.4929495226863959 2025_02_10_19:34:30 -12232.75048828125
0.0588 -0.0885 1.4921795677048455 -0.0015 0.0432 0.5449414806032167 0.8094304566778266 0.6981393949882269 0.9572130722067812 0.09671637683346401 0.8071282732743802 0.9731157639793706 0.8294046642529949 0.577352145256762 0.22789827565154686 0.23279088636103018 0.6356844442644002 0.2095070307714877 0.6480353852465935 0.7291267979503492 1.3021304905320186 0.9175222501524175 0.49765087346798076 2025_02_10_19:34:30 -12433.552001953125
0.0588 -0.0885 1.4921795677048455 -0.0015 0.0432 0.5449414806032167 0.8094304566778266 0.6981393949882269 0.9572130722067812 0.09671637683346401 0.8071282732743802 0.9731157639793706 0.8294046642529949 0.577352145256762 0.22789827565154686 0.23279088636103018 0.6356844442644002 0.2095070307714877 0.6480353852465935 0.7291267979503492 1.3027614959023408 0.9252841541494518 0.5022276692424543 2025_02_10_19:34:31 -12634.296875
0.0588 -0.0885 1.4921795677048455 -0.0015 0.0432 0.5449414806032167 0.8094304566778266 0.6981393949882269 0.9572130722067812 0.09671637683346401 0.8071282732743802 0.9731157639793706 0.8294046642529949 0.577352145256762 0.22789827565154686 0.23279088636103018 0.6356844442644002 0.2095070307714877 0.6480353852465935 0.7291267979503492 1.3066279435849477 0.9350213899926049 0.5071897015078245 2025_02_10_19:34:31 -12835.108642578125
0.0588 -0.0885 0.8921795677048454 0.0395 0.0432 0.5449414806032167 0.8094304566778266 0.6981393949882269 0.9572130722067812 0.09671637683346401 0.8071282732743802 0.9731157639793706 0.8294046642529949 0.577352145256762 0.22789827565154686 0.23279088636103018 0.6356844442644002 0.2095070307714877 0.6480353852465935 0.7291267979503492 1.3166094495626781 0.9377669435933534 0.5169899742997673 2025_02_10_19:34:31 -13036.42724609375
0.0588 -0.0885 1.4921795677048455 0.0395 0.0432 0.5449414806032167 0.8094304566778266 0.6981393949882269 0.9572130722067812 0.09671637683346401 0.8071282732743802 0.9731157639793706 0.8294046642529949 0.577352145256762 0.22789827565154686 0.23279088636103018 0.6356844442644002 0.2095070307714877 0.6480353852465935 0.7291267979503492 1.324240294280664 0.9435061613766924 0.5222845731151302 2025_02_10_19:34:31 -13237.171630859375
0.0588 -0.0885 1.4921795677048455 0.0395 0.0432 0.5449414806032167 0.8094304566778266 0.6981393949882269 0.9572130722067812 0.09671637683346401 0.8071282732743802 0.9731157639793706 0.8294046642529949 0.577352145256762 0.22789827565154686 0.23279088636103018 0.6356844442644002 0.2095070307714877 0.6480353852465935 0.7291267979503492 1.3251182016917111 0.9503254539791988 0.5307397853048772 2025_02_10_19:34:31 -13438.205810546875
0.0588 -0.0885 1.4921795677048455 0.0395 0.0432 0.5449414806032167 0.8094304566778266 0.6981393949882269 0.9572130722067812 0.09671637683346401 0.8071282732743802 0.9731157639793706 0.8294046642529949 0.577352145256762 0.22789827565154686 0.23279088636103018 0.6356844442644002 0.2095070307714877 0.6480353852465935 0.7291267979503492 1.3312376853179164 0.9511876087957181 0.5338326924801619 2025_02_10_19:34:32 -13639.054443359375
0.0588 -0.0885 0.8921795677048454 -0.0015 0.0942 0.5449414806032167 0.8094304566778266 0.6981393949882269 0.9572130722067812 0.09671637683346401 0.8071282732743802 0.9731157639793706 0.8294046642529949 0.577352145256762 0.22789827565154686 0.23279088636103018 0.6356844442644002 0.2095070307714877 0.6480353852465935 0.7291267979503492 1.3327678399860183 0.9528341795946194 0.5370592999917074 2025_02_10_19:34:32 -13840.291259765625
0.0588 -0.0885 1.4921795677048455 -0.0015 0.0942 0.5449414806032167 0.8094304566778266 0.6981393949882269 0.9572130722067812 0.09671637683346401 0.8071282732743802 0.9731157639793706 0.8294046642529949 0.577352145256762 0.22789827565154686 0.23279088636103018 0.6356844442644002 0.2095070307714877 0.6480353852465935 0.7291267979503492 1.3410202026592846 0.9531179144736082 0.5375139180246209 2025_02_10_19:34:32 -14041.34716796875
0.0588 -0.0885 1.4921795677048455 -0.0015 0.0942 0.5449414806032167 0.8094304566778266 0.6981393949882269 0.9572130722067812 0.09671637683346401 0.8071282732743802 0.9731157639793706 0.8294046642529949 0.577352145256762 0.22789827565154686 0.23279088636103018 0.6356844442644002 0.2095070307714877 0.6480353852465935 0.7291267979503492 1.3441460276517538 0.9603015433247325 0.5448559155726663 2025_02_10_19:34:32 -14242.39404296875
0.0588 -0.0885 1.4921795677048455 -0.0015 0.0942 0.5449414806032167 0.8094304566778266 0.6981393949882269 0.9572130722067812 0.09671637683346401 0.8071282732743802 0.9731157639793706 0.8294046642529949 0.577352145256762 0.22789827565154686 0.23279088636103018 0.6356844442644002 0.2095070307714877 0.6480353852465935 0.7291267979503492 1.349128683072353 0.9654487917170473 0.5498435126566429 2025_02_10_19:34:32 -14443.44287109375
0.0588 -0.0885 0.8921795677048454 0.0395 0.0942 0.5449414806032167 0.8094304566778266 0.6981393949882269 0.9572130722067812 0.09671637683346401 0.8071282732743802 0.9731157639793706 0.8294046642529949 0.577352145256762 0.22789827565154686 0.23279088636103018 0.6356844442644002 0.2095070307714877 0.6480353852465935 0.7291267979503492 1.3548314995111632 0.9673953447359245 0.5553757419228544 2025_02_10_19:34:33 -14645.9443359375
0.0588 -0.0885 1.4921795677048455 0.0395 0.0942 0.5449414806032167 0.8094304566778266 0.6981393949882269 0.9572130722067812 0.09671637683346401 0.8071282732743802 0.9731157639793706 0.8294046642529949 0.577352145256762 0.22789827565154686 0.23279088636103018 0.6356844442644002 0.2095070307714877 0.6480353852465935 0.7291267979503492 1.3594013851039919 0.9734579499599625 0.560530799244327 2025_02_10_19:34:33 -14846.736328125
0.0588 -0.0885 1.4921795677048455 0.0395 0.0942 0.5449414806032167 0.8094304566778266 0.6981393949882269 0.9572130722067812 0.09671637683346401 0.8071282732743802 0.9731157639793706 0.8294046642529949 0.577352145256762 0.22789827565154686 0.23279088636103018 0.6356844442644002 0.2095070307714877 0.6480353852465935 0.7291267979503492 1.3641472872448426 0.9831286569216829 0.5683598391586412 2025_02_10_19:34:33 -15047.599365234375
0.0588 -0.0885 1.4921795677048455 0.0395 0.0942 0.5449414806032167 0.8094304566778266 0.6981393949882269 0.9572130722067812 0.09671637683346401 0.8071282732743802 0.9731157639793706 0.8294046642529949 0.577352145256762 0.22789827565154686 0.23279088636103018 0.6356844442644002 0.2095070307714877 0.6480353852465935 0.7291267979503492 1.3728754643339658 0.9904870296343697 0.5689826520187855 2025_02_10_19:34:33 -15248.6435546875
0.11760000139474869 -0.20900000631809235 0.8921795677048454 0.07900000363588333 0.188400000333786 0.5449414806032167 0.8094304566778266 0.6981393949882269 0.9572130722067812 0.09671637683346401 0.8071282732743802 0.9731157639793706 0.8294046642529949 0.577352145256762 0.22789827565154686 0.23279088636103018 0.6356844442644002 0.2095070307714877 0.6480353852465935 0.7291267979503492 1.3758516099867348 0.993377071008405 0.5710554299673319 2025_02_10_19:34:39 -20746.57958984375
0.11760000139474869 -0.20900000631809235 1.4921795677048455 0.07900000363588333 0.188400000333786 0.5449414806032167 0.8094304566778266 0.6981393949882269 0.9572130722067812 0.09671637683346401 0.8071282732743802 0.9731157639793706 0.8294046642529949 0.577352145256762 0.22789827565154686 0.23279088636103018 0.6356844442644002 0.2095070307714877 0.6480353852465935 0.7291267979503492 1.3778722900587408 0.9987628502454915 0.580385669305165 2025_02_10_19:34:39 -20947.139404296875
0.11760000139474869 -0.20900000631809235 1.4921795677048455 0.07900000363588333 0.188400000333786 0.5449414806032167 0.8094304566778266 0.6981393949882269 0.9572130722067812 0.09671637683346401 0.8071282732743802 0.9731157639793706 0.8294046642529949 0.577352145256762 0.22789827565154686 0.23279088636103018 0.6356844442644002 0.2095070307714877 0.6480353852465935 0.7291267979503492 1.3798668498054167 1.0084019906344008 0.5835973463263566 2025_02_10_19:34:39 -21147.86962890625
0.11760000139474869 -0.20900000631809235 1.4921795677048455 0.07900000363588333 0.188400000333786 0.5449414806032167 0.8094304566778266 0.6981393949882269 0.9572130722067812 0.09671637683346401 0.8071282732743802 0.9731157639793706 0.8294046642529949 0.577352145256762 0.22789827565154686 0.23279088636103018 0.6356844442644002 0.2095070307714877 0.6480353852465935 0.7291267979503492 1.3855464684920618 1.0094749975421362 0.5934272852100667 2025_02_10_19:34:39 -21348.974853515625
0.11760000139474869 -0.1988721638917923 0.8921795677048454 0.07900000363588333 0.188400000333786 0.5449414806032167 0.8094304566778266 0.6981393949882269 0.9572130722067812 0.09671637683346401 0.8071282732743802 0.9731157639793706 0.8294046642529949 0.577352145256762 0.22789827565154686 0.23279088636103018 0.6356844442644002 0.2095070307714877 0.6480353852465935 0.7291267979503492 1.393816366744825 1.0146278041317343 0.5942946629085503 2025_02_10_19:34:40 -22354.415771484375
0.11760000139474869 -0.1988721638917923 1.4921795677048455 0.07900000363588333 0.188400000333786 0.5449414806032167 0.8094304566778266 0.6981393949882269 0.9572130722067812 0.09671637683346401 0.8071282732743802 0.9731157639793706 0.8294046642529949 0.577352145256762 0.22789827565154686 0.23279088636103018 0.6356844442644002 0.2095070307714877 0.6480353852465935 0.7291267979503492 1.4008519370958474 1.0177375836155809 0.595468820366998 2025_02_10_19:34:41 -22555.156005859375
0.11760000139474869 -0.1988721638917923 1.4921795677048455 0.07900000363588333 0.188400000333786 0.5449414806032167 0.8094304566778266 0.6981393949882269 0.9572130722067812 0.09671637683346401 0.8071282732743802 0.9731157639793706 0.8294046642529949 0.577352145256762 0.22789827565154686 0.23279088636103018 0.6356844442644002 0.2095070307714877 0.6480353852465935 0.7291267979503492 1.4016329643173218 1.0233792708383156 0.5960864008425648 2025_02_10_19:34:41 -22756.0283203125
0.11760000139474869 -0.1988721638917923 1.4921795677048455 0.07900000363588333 0.188400000333786 0.5449414806032167 0.8094304566778266 0.6981393949882269 0.9572130722067812 0.09671637683346401 0.8071282732743802 0.9731157639793706 0.8294046642529949 0.577352145256762 0.22789827565154686 0.23279088636103018 0.6356844442644002 0.2095070307714877 0.6480353852465935 0.7291267979503492 1.409797496576653 1.0308373156666337 0.6018695134931552 2025_02_10_19:34:41 -22956.81982421875
0.10832922160625458 -0.1770000010728836 0.8921795677048454 0.07900000363588333 0.188400000333786 0.5449414806032167 0.8094304566778266 0.6981393949882269 0.9572130722067812 0.09671637683346401 0.8071282732743802 0.9731157639793706 0.8294046642529949 0.577352145256762 0.22789827565154686 0.23279088636103018 0.6356844442644002 0.2095070307714877 0.6480353852465935 0.7291267979503492 1.4164154219579077 1.0362303183058224 0.6084048544773423 2025_02_10_19:34:44 -25878.02587890625
0.10832922160625458 -0.1770000010728836 1.4921795677048455 0.07900000363588333 0.188400000333786 0.5449414806032167 0.8094304566778266 0.6981393949882269 0.9572130722067812 0.09671637683346401 0.8071282732743802 0.9731157639793706 0.8294046642529949 0.577352145256762 0.22789827565154686 0.23279088636103018 0.6356844442644002 0.2095070307714877 0.6480353852465935 0.7291267979503492 1.4206078279428251 1.0438908529809614 0.617242420695796 2025_02_10_19:34:44 -26079.1455078125
0.10832922160625458 -0.1770000010728836 1.4921795677048455 0.07900000363588333 0.188400000333786 0.5449414806032167 0.8094304566778266 0.6981393949882269 0.9572130722067812 0.09671637683346401 0.8071282732743802 0.9731157639793706 0.8294046642529949 0.577352145256762 0.22789827565154686 0.23279088636103018 0.6356844442644002 0.2095070307714877 0.6480353852465935 0.7291267979503492 1.423814479096755 1.0469084973324034 0.6186750250374293 2025_02_10_19:34:44 -26279.857177734375
0.10832922160625458 -0.1770000010728836 1.4921795677048455 0.07900000363588333 0.188400000333786 0.5449414806032167 0.8094304566778266 0.6981393949882269 0.9572130722067812 0.09671637683346401 0.8071282732743802 0.9731157639793706 0.8294046642529949 0.577352145256762 0.22789827565154686 0.23279088636103018 0.6356844442644002 0.2095070307714877 0.6480353852465935 0.7291267979503492 1.4323078884193554 1.049915861520355 0.6257507930123091 2025_02_10_19:34:44 -26480.592529296875
0.08100000023841858 -0.19416826963424683 0.8921795677048454 0.07900000363588333 0.188400000333786 0.5449414806032167 0.8094304566778266 0.6981393949882269 0.9572130722067812 0.09671637683346401 0.8071282732743802 0.9731157639793706 0.8294046642529949 0.577352145256762 0.22789827565154686 0.23279088636103018 0.6356844442644002 0.2095070307714877 0.6480353852465935 0.7291267979503492 1.4395509408178768 1.0555043662830803 0.6305447350770182 2025_02_10_19:34:45 -27442.38720703125
0.08100000023841858 -0.19416826963424683 1.4921795677048455 0.07900000363588333 0.188400000333786 0.5449414806032167 0.8094304566778266 0.6981393949882269 0.9572130722067812 0.09671637683346401 0.8071282732743802 0.9731157639793706 0.8294046642529949 0.577352145256762 0.22789827565154686 0.23279088636103018 0.6356844442644002 0.2095070307714877 0.6480353852465935 0.7291267979503492 1.4445237137488867 1.0564904485987352 0.640357919645484 2025_02_10_19:34:46 -27643.41650390625
0.08100000023841858 -0.19416826963424683 1.4921795677048455 0.07900000363588333 0.188400000333786 0.5449414806032167 0.8094304566778266 0.6981393949882269 0.9572130722067812 0.09671637683346401 0.8071282732743802 0.9731157639793706 0.8294046642529949 0.577352145256762 0.22789827565154686 0.23279088636103018 0.6356844442644002 0.2095070307714877 0.6480353852465935 0.7291267979503492 1.4527396331458102 1.0661555312712387 0.6467748641894712 2025_02_10_19:34:46 -27844.121337890625
0.08100000023841858 -0.19416826963424683 1.4921795677048455 0.07900000363588333 0.188400000333786 0.5449414806032167 0.8094304566778266 0.6981393949882269 0.9572130722067812 0.09671637683346401 0.8071282732743802 0.9731157639793706 0.8294046642529949 0.577352145256762 0.22789827565154686 0.23279088636103018 0.6356844442644002 0.2095070307714877 0.6480353852465935 0.7291267979503492 1.457796962342741 1.0698875381981068 0.6529532165482392 2025_02_10_19:34:46 -28045.010009765625
0.08100000023841858 -0.20900000631809235 0.8921795677048454 -0.003000000026077032 0.08640000224113464 0.5449414806032167 0.8094304566778266 0.6981393949882269 0.9572130722067812 0.09671637683346401 0.8071282732743802 0.9731157639793706 0.8294046642529949 0.577352145256762 0.22789827565154686 0.23279088636103018 0.6356844442644002 0.2095070307714877 0.6480353852465935 0.7291267979503492 1.4659491062498737 1.072560785564873 0.65692218077322 2025_02_10_19:34:47 -29306.56884765625
0.08100000023841858 -0.20900000631809235 1.4921795677048455 -0.003000000026077032 0.08640000224113464 0.5449414806032167 0.8094304566778266 0.6981393949882269 0.9572130722067812 0.09671637683346401 0.8071282732743802 0.9731157639793706 0.8294046642529949 0.577352145256762 0.22789827565154686 0.23279088636103018 0.6356844442644002 0.2095070307714877 0.6480353852465935 0.7291267979503492 1.4745287093835104 1.0735144039195803 0.6622037726296365 2025_02_10_19:34:47 -29507.364013671875
0.08100000023841858 -0.20900000631809235 1.4921795677048455 -0.003000000026077032 0.08640000224113464 0.5449414806032167 0.8094304566778266 0.6981393949882269 0.9572130722067812 0.09671637683346401 0.8071282732743802 0.9731157639793706 0.8294046642529949 0.577352145256762 0.22789827565154686 0.23279088636103018 0.6356844442644002 0.2095070307714877 0.6480353852465935 0.7291267979503492 1.4769334313265534 1.0818609095204978 0.6660953387033101 2025_02_10_19:34:48 -29708.107421875
0.08100000023841858 -0.20900000631809235 1.4921795677048455 -0.003000000026077032 0.08640000224113464 0.5449414806032167 0.8094304566778266 0.6981393949882269 0.9572130722067812 0.09671637683346401 0.8071282732743802 0.9731157639793706 0.8294046642529949 0.577352145256762 0.22789827565154686 0.23279088636103018 0.6356844442644002 0.2095070307714877 0.6480353852465935 0.7291267979503492 1.4804915433036119 1.0912723379702052 0.6704138181657056 2025_02_10_19:34:48 -29908.82568359375
0.08100000023841858 -0.1770000010728836 0.8921795677048454 -0.003000000026077032 0.08640000224113464 0.5449414806032167 0.8094304566778266 0.6981393949882269 0.9572130722067812 0.09671637683346401 0.8071282732743802 0.9731157639793706 0.8294046642529949 0.577352145256762 0.22789827565154686 0.23279088636103018 0.6356844442644002 0.2095070307714877 0.6480353852465935 0.7291267979503492 1.4860389433097005 1.0953527797210365 0.6706764372058385 2025_02_10_19:34:48 -30386.125
0.08100000023841858 -0.1770000010728836 1.4921795677048455 -0.003000000026077032 0.08640000224113464 0.5449414806032167 0.8094304566778266 0.6981393949882269 0.9572130722067812 0.09671637683346401 0.8071282732743802 0.9731157639793706 0.8294046642529949 0.577352145256762 0.22789827565154686 0.23279088636103018 0.6356844442644002 0.2095070307714877 0.6480353852465935 0.7291267979503492 1.49088125644904 1.0961219933349882 0.6731934345837275 2025_02_10_19:34:49 -30586.843994140625
0.08100000023841858 -0.1770000010728836 1.4921795677048455 -0.003000000026077032 0.08640000224113464 0.5449414806032167 0.8094304566778266 0.6981393949882269 0.9572130722067812 0.09671637683346401 0.8071282732743802 0.9731157639793706 0.8294046642529949 0.577352145256762 0.22789827565154686 0.23279088636103018 0.6356844442644002 0.2095070307714877 0.6480353852465935 0.7291267979503492 1.500527002679988 1.105809245552455 0.676107916099528 2025_02_10_19:34:49 -30787.86572265625
0.08100000023841858 -0.1770000010728836 1.4921795677048455 -0.003000000026077032 0.08640000224113464 0.5449414806032167 0.8094304566778266 0.6981393949882269 0.9572130722067812 0.09671637683346401 0.8071282732743802 0.9731157639793706 0.8294046642529949 0.577352145256762 0.22789827565154686 0.23279088636103018 0.6356844442644002 0.2095070307714877 0.6480353852465935 0.7291267979503492 1.5084835710399476 1.109900661454904 0.6811009482524176 2025_02_10_19:34:49 -30988.653564453125
0.11760000139474869 -0.20900000631809235 0.8921795677048454 -0.003000000026077032 0.08640000224113464 0.5449414806032167 0.8094304566778266 0.6981393949882269 0.9572130722067812 0.09671637683346401 0.8071282732743802 0.9731157639793706 0.8294046642529949 0.577352145256762 0.22789827565154686 0.23279088636103018 0.6356844442644002 0.2095070307714877 0.6480353852465935 0.7291267979503492 1.5150595874857553 1.113450749649389 0.6875709467322517 2025_02_10_19:34:50 -32251.093017578125
0.11760000139474869 -0.20900000631809235 1.4921795677048455 -0.003000000026077032 0.08640000224113464 0.5449414806032167 0.8094304566778266 0.6981393949882269 0.9572130722067812 0.09671637683346401 0.8071282732743802 0.9731157639793706 0.8294046642529949 0.577352145256762 0.22789827565154686 0.23279088636103018 0.6356844442644002 0.2095070307714877 0.6480353852465935 0.7291267979503492 1.5161050810658159 1.1176105039346462 0.6971882253890515 2025_02_10_19:34:50 -32451.765380859375
0.11760000139474869 -0.20900000631809235 1.4921795677048455 -0.003000000026077032 0.08640000224113464 0.5449414806032167 0.8094304566778266 0.6981393949882269 0.9572130722067812 0.09671637683346401 0.8071282732743802 0.9731157639793706 0.8294046642529949 0.577352145256762 0.22789827565154686 0.23279088636103018 0.6356844442644002 0.2095070307714877 0.6480353852465935 0.7291267979503492 1.517849613394057 1.1192118610467998 0.7027867149139501 2025_02_10_19:34:51 -32652.403076171875
0.11760000139474869 -0.20900000631809235 1.4921795677048455 -0.003000000026077032 0.08640000224113464 0.5449414806032167 0.8094304566778266 0.6981393949882269 0.9572130722067812 0.09671637683346401 0.8071282732743802 0.9731157639793706 0.8294046642529949 0.577352145256762 0.22789827565154686 0.23279088636103018 0.6356844442644002 0.2095070307714877 0.6480353852465935 0.7291267979503492 1.5247839788112216 1.1243201097416715 0.7069691059760627 2025_02_10_19:34:51 -32953.225341796875
0.11760000139474869 -0.1770000010728836 0.8921795677048454 -0.003000000026077032 0.08640000224113464 0.5449414806032167 0.8094304566778266 0.6981393949882269 0.9572130722067812 0.09671637683346401 0.8071282732743802 0.9731157639793706 0.8294046642529949 0.577352145256762 0.22789827565154686 0.23279088636103018 0.6356844442644002 0.2095070307714877 0.6480353852465935 0.7291267979503492 1.5316309455168216 1.1284764140944126 0.7153680239970749 2025_02_10_19:34:51 -33475.53759765625
0.11760000139474869 -0.1770000010728836 1.4921795677048455 -0.003000000026077032 0.08640000224113464 0.5449414806032167 0.8094304566778266 0.6981393949882269 0.9572130722067812 0.09671637683346401 0.8071282732743802 0.9731157639793706 0.8294046642529949 0.577352145256762 0.22789827565154686 0.23279088636103018 0.6356844442644002 0.2095070307714877 0.6480353852465935 0.7291267979503492 1.5370944782640412 1.1383741713731794 0.7163921883858498 2025_02_10_19:34:52 -33676.15087890625
0.11760000139474869 -0.1770000010728836 1.4921795677048455 -0.003000000026077032 0.08640000224113464 0.5449414806032167 0.8094304566778266 0.6981393949882269 0.9572130722067812 0.09671637683346401 0.8071282732743802 0.9731157639793706 0.8294046642529949 0.577352145256762 0.22789827565154686 0.23279088636103018 0.6356844442644002 0.2095070307714877 0.6480353852465935 0.7291267979503492 1.5376880566004347 1.1418823261627078 0.7192030385737518 2025_02_10_19:34:52 -33877.17578125
0.11760000139474869 -0.1770000010728836 1.4921795677048455 -0.003000000026077032 0.08640000224113464 0.5449414806032167 0.8094304566778266 0.6981393949882269 0.9572130722067812 0.09671637683346401 0.8071282732743802 0.9731157639793706 0.8294046642529949 0.577352145256762 0.22789827565154686 0.23279088636103018 0.6356844442644002 0.2095070307714877 0.6480353852465935 0.7291267979503492 1.5444504021374341 1.1467769134218642 0.7249772938667934 2025_02_10_19:34:52 -34077.908447265625
0.11760000139474869 -0.1948704868555069 0.8921795677048454 0.07900000363588333 0.188400000333786 0.5449414806032167 0.8094304566778266 0.6981393949882269 0.9572130722067812 0.09671637683346401 0.8071282732743802 0.9731157639793706 0.8294046642529949 0.577352145256762 0.22789827565154686 0.23279088636103018 0.6356844442644002 0.2095070307714877 0.6480353852465935 0.7291267979503492 1.5497946467813097 1.1489552127720162 0.7292737248736458 2025_02_10_19:34:54 -36213.859130859375
0.11760000139474869 -0.1948704868555069 1.4921795677048455 0.07900000363588333 0.188400000333786 0.5449414806032167 0.8094304566778266 0.6981393949882269 0.9572130722067812 0.09671637683346401 0.8071282732743802 0.9731157639793706 0.8294046642529949 0.577352145256762 0.22789827565154686 0.23279088636103018 0.6356844442644002 0.2095070307714877 0.6480353852465935 0.7291267979503492 1.5511137776551498 1.1554551847654226 0.730863499502704 2025_02_10_19:34:54 -36415.04150390625
0.11760000139474869 -0.1948704868555069 1.4921795677048455 0.07900000363588333 0.188400000333786 0.5449414806032167 0.8094304566778266 0.6981393949882269 0.9572130722067812 0.09671637683346401 0.8071282732743802 0.9731157639793706 0.8294046642529949 0.577352145256762 0.22789827565154686 0.23279088636103018 0.6356844442644002 0.2095070307714877 0.6480353852465935 0.7291267979503492 1.5592848679242828 1.1653367338600653 0.7350866388404547 2025_02_10_19:34:55 -36615.816650390625
0.11760000139474869 -0.1948704868555069 1.4921795677048455 0.07900000363588333 0.188400000333786 0.5449414806032167 0.8094304566778266 0.6981393949882269 0.9572130722067812 0.09671637683346401 0.8071282732743802 0.9731157639793706 0.8294046642529949 0.577352145256762 0.22789827565154686 0.23279088636103018 0.6356844442644002 0.2095070307714877 0.6480353852465935 0.7291267979503492 1.5634019668678796 1.1722023955588228 0.7436862640864762 2025_02_10_19:34:55 -36816.824951171875
0.08100000023841858 -0.20900000631809235 0.8921795677048454 0.07900000363588333 0.188400000333786 0.5449414806032167 0.8094304566778266 0.6981393949882269 0.9572130722067812 0.09671637683346401 0.8071282732743802 0.9731157639793706 0.8294046642529949 0.577352145256762 0.22789827565154686 0.23279088636103018 0.6356844442644002 0.2095070307714877 0.6480353852465935 0.7291267979503492 1.5708804032776922 1.1751578160712435 0.7442319553966288 2025_02_10_19:34:55 -37284.797119140625
0.08100000023841858 -0.20900000631809235 1.4921795677048455 0.07900000363588333 0.188400000333786 0.5449414806032167 0.8094304566778266 0.6981393949882269 0.9572130722067812 0.09671637683346401 0.8071282732743802 0.9731157639793706 0.8294046642529949 0.577352145256762 0.22789827565154686 0.23279088636103018 0.6356844442644002 0.2095070307714877 0.6480353852465935 0.7291267979503492 1.5735022560493128 1.1755560846906155 0.7448366439925108 2025_02_10_19:34:55 -37485.61962890625
0.08100000023841858 -0.20900000631809235 1.4921795677048455 0.07900000363588333 0.188400000333786 0.5449414806032167 0.8094304566778266 0.6981393949882269 0.9572130722067812 0.09671637683346401 0.8071282732743802 0.9731157639793706 0.8294046642529949 0.577352145256762 0.22789827565154686 0.23279088636103018 0.6356844442644002 0.2095070307714877 0.6480353852465935 0.7291267979503492 1.5804890148653676 1.182855668464931 0.7533013251439186 2025_02_10_19:34:56 -37686.4345703125
0.08100000023841858 -0.20900000631809235 1.4921795677048455 0.07900000363588333 0.188400000333786 0.5449414806032167 0.8094304566778266 0.6981393949882269 0.9572130722067812 0.09671637683346401 0.8071282732743802 0.9731157639793706 0.8294046642529949 0.577352145256762 0.22789827565154686 0.23279088636103018 0.6356844442644002 0.2095070307714877 0.6480353852465935 0.7291267979503492 1.5893531624627741 1.1905699713698272 0.7535948876556466 2025_02_10_19:34:56 -37887.23095703125
0.08100000023841858 -0.1770000010728836 0.8921795677048454 0.07900000363588333 0.188400000333786 0.5449414806032167 0.8094304566778266 0.6981393949882269 0.9572130722067812 0.09671637683346401 0.8071282732743802 0.9731157639793706 0.8294046642529949 0.577352145256762 0.22789827565154686 0.23279088636103018 0.6356844442644002 0.2095070307714877 0.6480353852465935 0.7291267979503492 1.5940708083585515 1.1943997661135013 0.7550957343380581 2025_02_10_19:34:57 -39403.068603515625
0.08100000023841858 -0.1770000010728836 1.4921795677048455 0.07900000363588333 0.188400000333786 0.5449414806032167 0.8094304566778266 0.6981393949882269 0.9572130722067812 0.09671637683346401 0.8071282732743802 0.9731157639793706 0.8294046642529949 0.577352145256762 0.22789827565154686 0.23279088636103018 0.6356844442644002 0.2095070307714877 0.6480353852465935 0.7291267979503492 1.5968938770647605 1.2028482311561146 0.7583687435553192 2025_02_10_19:34:58 -39603.859619140625
0.08100000023841858 -0.1770000010728836 1.4921795677048455 0.07900000363588333 0.188400000333786 0.5449414806032167 0.8094304566778266 0.6981393949882269 0.9572130722067812 0.09671637683346401 0.8071282732743802 0.9731157639793706 0.8294046642529949 0.577352145256762 0.22789827565154686 0.23279088636103018 0.6356844442644002 0.2095070307714877 0.6480353852465935 0.7291267979503492 1.606403779686195 1.2028628515614703 0.7649417820570792 2025_02_10_19:34:58 -39804.623291015625
0.08100000023841858 -0.1770000010728836 1.4921795677048455 0.07900000363588333 0.188400000333786 0.5449414806032167 0.8094304566778266 0.6981393949882269 0.9572130722067812 0.09671637683346401 0.8071282732743802 0.9731157639793706 0.8294046642529949 0.577352145256762 0.22789827565154686 0.23279088636103018 0.6356844442644002 0.2095070307714877 0.6480353852465935 0.7291267979503492 1.6071520845294938 1.2085410588443624 0.769291610841429 2025_02_10_19:34:58 -40005.140380859375
0.11760000139474869 -0.20900000631809235 0.8921795677048454 -0.003000000026077032 0.188400000333786 0.5449414806032167 0.8094304566778266 0.6981393949882269 0.9572130722067812 0.09671637683346401 0.8071282732743802 0.9731157639793706 0.8294046642529949 0.577352145256762 0.22789827565154686 0.23279088636103018 0.6356844442644002 0.2095070307714877 0.6480353852465935 0.7291267979503492 1.6102351617116188 1.2111911381135094 0.7704907464049829 2025_02_10_19:34:58 -40509.39794921875
0.11760000139474869 -0.20900000631809235 1.4921795677048455 -0.003000000026077032 0.188400000333786 0.5449414806032167 0.8094304566778266 0.6981393949882269 0.9572130722067812 0.09671637683346401 0.8071282732743802 0.9731157639793706 0.8294046642529949 0.577352145256762 0.22789827565154686 0.23279088636103018 0.6356844442644002 0.2095070307714877 0.6480353852465935 0.7291267979503492 1.6182741292460574 1.2125890685062406 0.770610315636677 2025_02_10_19:34:59 -40710.18359375
0.11760000139474869 -0.20900000631809235 1.4921795677048455 -0.003000000026077032 0.188400000333786 0.5449414806032167 0.8094304566778266 0.6981393949882269 0.9572130722067812 0.09671637683346401 0.8071282732743802 0.9731157639793706 0.8294046642529949 0.577352145256762 0.22789827565154686 0.23279088636103018 0.6356844442644002 0.2095070307714877 0.6480353852465935 0.7291267979503492 1.6199540213333479 1.2183279105043079 0.7788271696519998 2025_02_10_19:34:59 -40910.887451171875
0.11760000139474869 -0.20900000631809235 1.4921795677048455 -0.003000000026077032 0.188400000333786 0.5449414806032167 0.8094304566778266 0.6981393949882269 0.9572130722067812 0.09671637683346401 0.8071282732743802 0.9731157639793706 0.8294046642529949 0.577352145256762 0.22789827565154686 0.23279088636103018 0.6356844442644002 0.2095070307714877 0.6480353852465935 0.7291267979503492 1.6262615652215955 1.2263495913320193 0.7867756320950186 2025_02_10_19:34:59 -41111.644775390625
0.08100000023841858 -0.19407504796981812 0.8921795677048454 0.07900000363588333 0.08640000224113464 0.5449414806032167 0.8094304566778266 0.6981393949882269 0.9572130722067812 0.09671637683346401 0.8071282732743802 0.9731157639793706 0.8294046642529949 0.577352145256762 0.22789827565154686 0.23279088636103018 0.6356844442644002 0.2095070307714877 0.6480353852465935 0.7291267979503492 1.6328302094353577 1.2290148613426761 0.7949384837111059 2025_02_10_19:35:02 -43548.97607421875
0.08100000023841858 -0.19407504796981812 1.4921795677048455 0.07900000363588333 0.08640000224113464 0.5449414806032167 0.8094304566778266 0.6981393949882269 0.9572130722067812 0.09671637683346401 0.8071282732743802 0.9731157639793706 0.8294046642529949 0.577352145256762 0.22789827565154686 0.23279088636103018 0.6356844442644002 0.2095070307714877 0.6480353852465935 0.7291267979503492 1.6427102715394042 1.2378311249416538 0.7998607509500599 2025_02_10_19:35:02 -43749.746337890625
0.08100000023841858 -0.19407504796981812 1.4921795677048455 0.07900000363588333 0.08640000224113464 0.5449414806032167 0.8094304566778266 0.6981393949882269 0.9572130722067812 0.09671637683346401 0.8071282732743802 0.9731157639793706 0.8294046642529949 0.577352145256762 0.22789827565154686 0.23279088636103018 0.6356844442644002 0.2095070307714877 0.6480353852465935 0.7291267979503492 1.6523158590421618 1.2415670327424875 0.8092799830847404 2025_02_10_19:35:02 -43950.455322265625
0.08100000023841858 -0.19407504796981812 1.4921795677048455 0.07900000363588333 0.08640000224113464 0.5449414806032167 0.8094304566778266 0.6981393949882269 0.9572130722067812 0.09671637683346401 0.8071282732743802 0.9731157639793706 0.8294046642529949 0.577352145256762 0.22789827565154686 0.23279088636103018 0.6356844442644002 0.2095070307714877 0.6480353852465935 0.7291267979503492 1.6596041686015217 1.2510549137847005 0.8187669646832394 2025_02_10_19:35:02 -44151.1728515625
0.11760000139474869 -0.1770000010728836 0.8921795677048454 0.07900000363588333 0.188400000333786 0.5449414806032167 0.8094304566778266 0.6981393949882269 0.9572130722067812 0.09671637683346401 0.8071282732743802 0.9731157639793706 0.8294046642529949 0.577352145256762 0.22789827565154686 0.23279088636103018 0.6356844442644002 0.2095070307714877 0.6480353852465935 0.7291267979503492 1.6640704679424996 1.2537070381903292 0.8212623733145922 2025_02_10_19:35:03 -44601.134765625
0.11760000139474869 -0.1770000010728836 1.4921795677048455 0.07900000363588333 0.188400000333786 0.5449414806032167 0.8094304566778266 0.6981393949882269 0.9572130722067812 0.09671637683346401 0.8071282732743802 0.9731157639793706 0.8294046642529949 0.577352145256762 0.22789827565154686 0.23279088636103018 0.6356844442644002 0.2095070307714877 0.6480353852465935 0.7291267979503492 1.6672576370220662 1.2632236595046704 0.8220043773322587 2025_02_10_19:35:03 -44801.977783203125
0.11760000139474869 -0.1770000010728836 1.4921795677048455 0.07900000363588333 0.188400000333786 0.5449414806032167 0.8094304566778266 0.6981393949882269 0.9572130722067812 0.09671637683346401 0.8071282732743802 0.9731157639793706 0.8294046642529949 0.577352145256762 0.22789827565154686 0.23279088636103018 0.6356844442644002 0.2095070307714877 0.6480353852465935 0.7291267979503492 1.669910284715566 1.266038890239123 0.8243798601817311 2025_02_10_19:35:03 -45003.000244140625
0.11760000139474869 -0.1770000010728836 1.4921795677048455 0.07900000363588333 0.188400000333786 0.5449414806032167 0.8094304566778266 0.6981393949882269 0.9572130722067812 0.09671637683346401 0.8071282732743802 0.9731157639793706 0.8294046642529949 0.577352145256762 0.22789827565154686 0.23279088636103018 0.6356844442644002 0.2095070307714877 0.6480353852465935 0.7291267979503492 1.6753515450077627 1.2678877024445436 0.8332347871092265 2025_02_10_19:35:03 -45203.783935546875
0.11760000139474869 -0.20900000631809235 0.8921795677048454 0.07900000363588333 0.188400000333786 0.5449414806032167 0.8094304566778266 0.6981393949882269 0.9572130722067812 0.09671637683346401 0.8071282732743802 0.9731157639793706 0.8294046642529949 0.577352145256762 0.22789827565154686 0.23279088636103018 0.6356844442644002 0.2095070307714877 0.6480353852465935 0.7291267979503492 1.680099788888982 1.27670424113872 0.8379974099200411 2025_02_10_19:35:05 -46634.51123046875
0.11760000139474869 -0.20900000631809235 1.4921795677048455 0.07900000363588333 0.188400000333786 0.5449414806032167 0.8094304566778266 0.6981393949882269 0.9572130722067812 0.09671637683346401 0.8071282732743802 0.9731157639793706 0.8294046642529949 0.577352145256762 0.22789827565154686 0.23279088636103018 0.6356844442644002 0.2095070307714877 0.6480353852465935 0.7291267979503492 1.688440870075742 1.2792831047385977 0.8471054547773571 2025_02_10_19:35:05 -46835.32275390625
0.11760000139474869 -0.20900000631809235 1.4921795677048455 0.07900000363588333 0.188400000333786 0.5449414806032167 0.8094304566778266 0.6981393949882269 0.9572130722067812 0.09671637683346401 0.8071282732743802 0.9731157639793706 0.8294046642529949 0.577352145256762 0.22789827565154686 0.23279088636103018 0.6356844442644002 0.2095070307714877 0.6480353852465935 0.7291267979503492 1.6913017986162309 1.2846394395500569 0.8505441465631317 2025_02_10_19:35:05 -47036.07763671875
0.11760000139474869 -0.20900000631809235 1.4921795677048455 0.07900000363588333 0.188400000333786 0.5449414806032167 0.8094304566778266 0.6981393949882269 0.9572130722067812 0.09671637683346401 0.8071282732743802 0.9731157639793706 0.8294046642529949 0.577352145256762 0.22789827565154686 0.23279088636103018 0.6356844442644002 0.2095070307714877 0.6480353852465935 0.7291267979503492 1.696217990749824 1.2916012679968065 0.8515263204658591 2025_02_10_19:35:05 -47237.057373046875
0.08100000023841858 -0.1770000010728836 0.8921795677048454 -0.003000000026077032 0.188400000333786 0.5449414806032167 0.8094304566778266 0.6981393949882269 0.9572130722067812 0.09671637683346401 0.8071282732743802 0.9731157639793706 0.8294046642529949 0.577352145256762 0.22789827565154686 0.23279088636103018 0.6356844442644002 0.2095070307714877 0.6480353852465935 0.7291267979503492 1.704730944159696 1.3003945939104051 0.8518158020590609 2025_02_10_19:35:06 -47676.9951171875
0.08100000023841858 -0.1770000010728836 1.4921795677048455 -0.003000000026077032 0.188400000333786 0.5449414806032167 0.8094304566778266 0.6981393949882269 0.9572130722067812 0.09671637683346401 0.8071282732743802 0.9731157639793706 0.8294046642529949 0.577352145256762 0.22789827565154686 0.23279088636103018 0.6356844442644002 0.2095070307714877 0.6480353852465935 0.7291267979503492 1.713675863362818 1.3078842052552544 0.8587043074352205 2025_02_10_19:35:06 -47877.7568359375
0.08100000023841858 -0.1770000010728836 1.4921795677048455 -0.003000000026077032 0.188400000333786 0.5449414806032167 0.8094304566778266 0.6981393949882269 0.9572130722067812 0.09671637683346401 0.8071282732743802 0.9731157639793706 0.8294046642529949 0.577352145256762 0.22789827565154686 0.23279088636103018 0.6356844442644002 0.2095070307714877 0.6480353852465935 0.7291267979503492 1.7167304603466635 1.3175544496889382 0.8651317105481222 2025_02_10_19:35:06 -48078.52978515625
0.08100000023841858 -0.1770000010728836 1.4921795677048455 -0.003000000026077032 0.188400000333786 0.5449414806032167 0.8094304566778266 0.6981393949882269 0.9572130722067812 0.09671637683346401 0.8071282732743802 0.9731157639793706 0.8294046642529949 0.577352145256762 0.22789827565154686 0.23279088636103018 0.6356844442644002 0.2095070307714877 0.6480353852465935 0.7291267979503492 1.725345376349182 1.320165918768203 0.8722426483038401 2025_02_10_19:35:06 -48279.34130859375
0.11760000139474869 -0.19662928581237793 0.8921795677048454 0.07900000363588333 0.188400000333786 0.5449414806032167 0.8094304566778266 0.6981393949882269 0.9572130722067812 0.09671637683346401 0.8071282732743802 0.9731157639793706 0.8294046642529949 0.577352145256762 0.22789827565154686 0.23279088636103018 0.6356844442644002 0.2095070307714877 0.6480353852465935 0.7291267979503492 1.732610875114991 1.3223895507079657 0.8775889993192822 2025_02_10_19:35:09 -51105.231201171875
0.11760000139474869 -0.19662928581237793 1.4921795677048455 0.07900000363588333 0.188400000333786 0.5449414806032167 0.8094304566778266 0.6981393949882269 0.9572130722067812 0.09671637683346401 0.8071282732743802 0.9731157639793706 0.8294046642529949 0.577352145256762 0.22789827565154686 0.23279088636103018 0.6356844442644002 0.2095070307714877 0.6480353852465935 0.7291267979503492 1.740491779483067 1.3257027220776734 0.8801945916733392 2025_02_10_19:35:09 -51305.996337890625
0.11760000139474869 -0.19662928581237793 1.4921795677048455 0.07900000363588333 0.188400000333786 0.5449414806032167 0.8094304566778266 0.6981393949882269 0.9572130722067812 0.09671637683346401 0.8071282732743802 0.9731157639793706 0.8294046642529949 0.577352145256762 0.22789827565154686 0.23279088636103018 0.6356844442644002 0.2095070307714877 0.6480353852465935 0.7291267979503492 1.743655614059554 1.3328594066387738 0.8879840034476774 2025_02_10_19:35:09 -51507.071044921875
0.11760000139474869 -0.19662928581237793 1.4921795677048455 0.07900000363588333 0.188400000333786 0.5449414806032167 0.8094304566778266 0.6981393949882269 0.9572130722067812 0.09671637683346401 0.8071282732743802 0.9731157639793706 0.8294046642529949 0.577352145256762 0.22789827565154686 0.23279088636103018 0.6356844442644002 0.2095070307714877 0.6480353852465935 0.7291267979503492 1.7437963852468004 1.3360815379772544 0.896316290113343 2025_02_10_19:35:10 -51707.834228515625
0.08100000023841858 -0.20900000631809235 0.8921795677048454 -0.003000000026077032 0.08640000224113464 0.5449414806032167 0.8094304566778266 0.6981393949882269 0.9572130722067812 0.09671637683346401 0.8071282732743802 0.9731157639793706 0.8294046642529949 0.577352145256762 0.22789827565154686 0.23279088636103018 0.6356844442644002 0.2095070307714877 0.6480353852465935 0.7291267979503492 1.7473888941104667 1.337965798316163 0.9057971336504125 2025_02_10_19:35:10 -52153.133056640625
0.08100000023841858 -0.20900000631809235 1.4921795677048455 -0.003000000026077032 0.08640000224113464 0.5449414806032167 0.8094304566778266 0.6981393949882269 0.9572130722067812 0.09671637683346401 0.8071282732743802 0.9731157639793706 0.8294046642529949 0.577352145256762 0.22789827565154686 0.23279088636103018 0.6356844442644002 0.2095070307714877 0.6480353852465935 0.7291267979503492 1.751556649762262 1.341768335945439 0.9112699574977018 2025_02_10_19:35:10 -52354.198486328125
0.08100000023841858 -0.20900000631809235 1.4921795677048455 -0.003000000026077032 0.08640000224113464 0.5449414806032167 0.8094304566778266 0.6981393949882269 0.9572130722067812 0.09671637683346401 0.8071282732743802 0.9731157639793706 0.8294046642529949 0.577352145256762 0.22789827565154686 0.23279088636103018 0.6356844442644002 0.2095070307714877 0.6480353852465935 0.7291267979503492 1.753573381662084 1.3488027034479018 0.9142234695077079 2025_02_10_19:35:11 -52554.96142578125
0.08100000023841858 -0.20900000631809235 1.4921795677048455 -0.003000000026077032 0.08640000224113464 0.5449414806032167 0.8094304566778266 0.6981393949882269 0.9572130722067812 0.09671637683346401 0.8071282732743802 0.9731157639793706 0.8294046642529949 0.577352145256762 0.22789827565154686 0.23279088636103018 0.6356844442644002 0.2095070307714877 0.6480353852465935 0.7291267979503492 1.75457147081266 1.3505497215373556 0.9146179147073948 2025_02_10_19:35:11 -52756.0859375
0.11760000139474869 -0.20900000631809235 0.8921795677048454 0.07900000363588333 0.188400000333786 0.5449414806032167 0.8094304566778266 0.6981393949882269 0.9572130722067812 0.09671637683346401 0.8071282732743802 0.9731157639793706 0.8294046642529949 0.577352145256762 0.22789827565154686 0.23279088636103018 0.6356844442644002 0.2095070307714877 0.6480353852465935 0.7291267979503492 1.7584286257102533 1.3590564373177214 0.9226169056768844 2025_02_10_19:35:12 -54053.23779296875
0.11760000139474869 -0.20900000631809235 1.4921795677048455 0.07900000363588333 0.188400000333786 0.5449414806032167 0.8094304566778266 0.6981393949882269 0.9572130722067812 0.09671637683346401 0.8071282732743802 0.9731157639793706 0.8294046642529949 0.577352145256762 0.22789827565154686 0.23279088636103018 0.6356844442644002 0.2095070307714877 0.6480353852465935 0.7291267979503492 1.759558000503991 1.3631692799550732 0.9230766289306811 2025_02_10_19:35:12 -54254.12451171875
0.11760000139474869 -0.20900000631809235 1.4921795677048455 0.07900000363588333 0.188400000333786 0.5449414806032167 0.8094304566778266 0.6981393949882269 0.9572130722067812 0.09671637683346401 0.8071282732743802 0.9731157639793706 0.8294046642529949 0.577352145256762 0.22789827565154686 0.23279088636103018 0.6356844442644002 0.2095070307714877 0.6480353852465935 0.7291267979503492 1.7694359167516058 1.36371494110735 0.9295106160962492 2025_02_10_19:35:12 -54455.10400390625
0.11760000139474869 -0.20900000631809235 1.4921795677048455 0.07900000363588333 0.188400000333786 0.5449414806032167 0.8094304566778266 0.6981393949882269 0.9572130722067812 0.09671637683346401 0.8071282732743802 0.9731157639793706 0.8294046642529949 0.577352145256762 0.22789827565154686 0.23279088636103018 0.6356844442644002 0.2095070307714877 0.6480353852465935 0.7291267979503492 1.7759696467829895 1.3647413743221515 0.9336340015730047 2025_02_10_19:35:13 -54656.133056640625
0.11760000139474869 -0.1770000010728836 0.8921795677048454 0.07900000363588333 0.08640000224113464 0.5449414806032167 0.8094304566778266 0.6981393949882269 0.9572130722067812 0.09671637683346401 0.8071282732743802 0.9731157639793706 0.8294046642529949 0.577352145256762 0.22789827565154686 0.23279088636103018 0.6356844442644002 0.2095070307714877 0.6480353852465935 0.7291267979503492 1.7835628462937807 1.3669588454003534 0.937047572718773 2025_02_10_19:35:13 -55088.075439453125
0.11760000139474869 -0.1770000010728836 1.4921795677048455 0.07900000363588333 0.08640000224113464 0.5449414806032167 0.8094304566778266 0.6981393949882269 0.9572130722067812 0.09671637683346401 0.8071282732743802 0.9731157639793706 0.8294046642529949 0.577352145256762 0.22789827565154686 0.23279088636103018 0.6356844442644002 0.2095070307714877 0.6480353852465935 0.7291267979503492 1.7928291115991537 1.375333507775218 0.9429356837977521 2025_02_10_19:35:13 -55288.91796875
0.11760000139474869 -0.1770000010728836 1.4921795677048455 0.07900000363588333 0.08640000224113464 0.5449414806032167 0.8094304566778266 0.6981393949882269 0.9572130722067812 0.09671637683346401 0.8071282732743802 0.9731157639793706 0.8294046642529949 0.577352145256762 0.22789827565154686 0.23279088636103018 0.6356844442644002 0.2095070307714877 0.6480353852465935 0.7291267979503492 1.7978702127926853 1.379180134162655 0.9527306913998025 2025_02_10_19:35:13 -55489.697021484375
0.11760000139474869 -0.1770000010728836 1.4921795677048455 0.07900000363588333 0.08640000224113464 0.5449414806032167 0.8094304566778266 0.6981393949882269 0.9572130722067812 0.09671637683346401 0.8071282732743802 0.9731157639793706 0.8294046642529949 0.577352145256762 0.22789827565154686 0.23279088636103018 0.6356844442644002 0.2095070307714877 0.6480353852465935 0.7291267979503492 1.8045939499231984 1.3889934891250038 0.9592315552778723 2025_02_10_19:35:14 -55690.438720703125
0.08100000023841858 -0.20900000631809235 0.8921795677048454 -0.003000000026077032 0.188400000333786 0.5449414806032167 0.8094304566778266 0.6981393949882269 0.9572130722067812 0.09671637683346401 0.8071282732743802 0.9731157639793706 0.8294046642529949 0.577352145256762 0.22789827565154686 0.23279088636103018 0.6356844442644002 0.2095070307714877 0.6480353852465935 0.7291267979503492 1.812095800109899 1.390602843068436 0.9620977107594634 2025_02_10_19:35:15 -57212.13916015625
0.08100000023841858 -0.20900000631809235 1.4921795677048455 -0.003000000026077032 0.188400000333786 0.5449414806032167 0.8094304566778266 0.6981393949882269 0.9572130722067812 0.09671637683346401 0.8071282732743802 0.9731157639793706 0.8294046642529949 0.577352145256762 0.22789827565154686 0.23279088636103018 0.6356844442644002 0.2095070307714877 0.6480353852465935 0.7291267979503492 1.8216628198100173 1.4003610702889973 0.9652242505684098 2025_02_10_19:35:15 -57413.0263671875
0.08100000023841858 -0.20900000631809235 1.4921795677048455 -0.003000000026077032 0.188400000333786 0.5449414806032167 0.8094304566778266 0.6981393949882269 0.9572130722067812 0.09671637683346401 0.8071282732743802 0.9731157639793706 0.8294046642529949 0.577352145256762 0.22789827565154686 0.23279088636103018 0.6356844442644002 0.2095070307714877 0.6480353852465935 0.7291267979503492 1.8268012883377631 1.4041330525595237 0.9695093287124171 2025_02_10_19:35:16 -57614.107177734375
0.08100000023841858 -0.20900000631809235 1.4921795677048455 -0.003000000026077032 0.188400000333786 0.5449414806032167 0.8094304566778266 0.6981393949882269 0.9572130722067812 0.09671637683346401 0.8071282732743802 0.9731157639793706 0.8294046642529949 0.577352145256762 0.22789827565154686 0.23279088636103018 0.6356844442644002 0.2095070307714877 0.6480353852465935 0.7291267979503492 1.8274830530288073 1.409184456064087 0.9736686411501213 2025_02_10_19:35:16 -57814.8916015625
0.11760000139474869 -0.19230866432189941 0.8921795677048454 0.07900000363588333 0.188400000333786 0.5449414806032167 0.8094304566778266 0.6981393949882269 0.9572130722067812 0.09671637683346401 0.8071282732743802 0.9731157639793706 0.8294046642529949 0.577352145256762 0.22789827565154686 0.23279088636103018 0.6356844442644002 0.2095070307714877 0.6480353852465935 0.7291267979503492 1.8306924231338781 1.4183437803670738 0.9831185178544397 2025_02_10_19:35:17 -59303.660888671875
0.11760000139474869 -0.19230866432189941 1.4921795677048455 0.07900000363588333 0.188400000333786 0.5449414806032167 0.8094304566778266 0.6981393949882269 0.9572130722067812 0.09671637683346401 0.8071282732743802 0.9731157639793706 0.8294046642529949 0.577352145256762 0.22789827565154686 0.23279088636103018 0.6356844442644002 0.2095070307714877 0.6480353852465935 0.7291267979503492 1.8393419316910045 1.4225858748864852 0.9841577859461764 2025_02_10_19:35:17 -59504.430419921875
0.11760000139474869 -0.19230866432189941 1.4921795677048455 0.07900000363588333 0.188400000333786 0.5449414806032167 0.8094304566778266 0.6981393949882269 0.9572130722067812 0.09671637683346401 0.8071282732743802 0.9731157639793706 0.8294046642529949 0.577352145256762 0.22789827565154686 0.23279088636103018 0.6356844442644002 0.2095070307714877 0.6480353852465935 0.7291267979503492 1.839510841374046 1.4293188622097623 0.9895061296467864 2025_02_10_19:35:18 -59705.175537109375
0.11760000139474869 -0.19230866432189941 1.4921795677048455 0.07900000363588333 0.188400000333786 0.5449414806032167 0.8094304566778266 0.6981393949882269 0.9572130722067812 0.09671637683346401 0.8071282732743802 0.9731157639793706 0.8294046642529949 0.577352145256762 0.22789827565154686 0.23279088636103018 0.6356844442644002 0.2095070307714877 0.6480353852465935 0.7291267979503492 1.8449680860604543 1.4389202048605667 0.9909468850213713 2025_02_10_19:35:18 -59905.973388671875
0.08100000023841858 -0.1770000010728836 0.8921795677048454 -0.003000000026077032 0.08640000224113464 0.5449414806032167 0.8094304566778266 0.6981393949882269 0.9572130722067812 0.09671637683346401 0.8071282732743802 0.9731157639793706 0.8294046642529949 0.577352145256762 0.22789827565154686 0.23279088636103018 0.6356844442644002 0.2095070307714877 0.6480353852465935 0.7291267979503492 1.8465776296360983 1.4411280845541408 0.999294368690052 2025_02_10_19:35:20 -61828.130859375
0.08100000023841858 -0.1770000010728836 1.4921795677048455 -0.003000000026077032 0.08640000224113464 0.5449414806032167 0.8094304566778266 0.6981393949882269 0.9572130722067812 0.09671637683346401 0.8071282732743802 0.9731157639793706 0.8294046642529949 0.577352145256762 0.22789827565154686 0.23279088636103018 0.6356844442644002 0.2095070307714877 0.6480353852465935 0.7291267979503492 1.8497554890084356 1.4456345443362901 1.0054577929926465 2025_02_10_19:35:20 -62028.902099609375
0.08100000023841858 -0.1770000010728836 1.4921795677048455 -0.003000000026077032 0.08640000224113464 0.5449414806032167 0.8094304566778266 0.6981393949882269 0.9572130722067812 0.09671637683346401 0.8071282732743802 0.9731157639793706 0.8294046642529949 0.577352145256762 0.22789827565154686 0.23279088636103018 0.6356844442644002 0.2095070307714877 0.6480353852465935 0.7291267979503492 1.8558217656691443 1.4540524742896728 1.0140449295463545 2025_02_10_19:35:20 -62229.65478515625
0.08100000023841858 -0.1770000010728836 1.4921795677048455 -0.003000000026077032 0.08640000224113464 0.5449414806032167 0.8094304566778266 0.6981393949882269 0.9572130722067812 0.09671637683346401 0.8071282732743802 0.9731157639793706 0.8294046642529949 0.577352145256762 0.22789827565154686 0.23279088636103018 0.6356844442644002 0.2095070307714877 0.6480353852465935 0.7291267979503492 1.863543214104749 1.4613847425618018 1.0169549211484983 2025_02_10_19:35:20 -62430.404052734375
0.11760000139474869 -0.20900000631809235 0.8921795677048454 0.07900000363588333 0.08640000224113464 0.5449414806032167 0.8094304566778266 0.6981393949882269 0.9572130722067812 0.09671637683346401 0.8071282732743802 0.9731157639793706 0.8294046642529949 0.577352145256762 0.22789827565154686 0.23279088636103018 0.6356844442644002 0.2095070307714877 0.6480353852465935 0.7291267979503492 1.8641718257188837 1.4650790944162766 1.0173830055568847 2025_02_10_19:35:21 -62874.34033203125
0.11760000139474869 -0.20900000631809235 1.4921795677048455 0.07900000363588333 0.08640000224113464 0.5449414806032167 0.8094304566778266 0.6981393949882269 0.9572130722067812 0.09671637683346401 0.8071282732743802 0.9731157639793706 0.8294046642529949 0.577352145256762 0.22789827565154686 0.23279088636103018 0.6356844442644002 0.2095070307714877 0.6480353852465935 0.7291267979503492 1.8679351135293192 1.4741515186807448 1.0225467233785603 2025_02_10_19:35:21 -63075.450927734375
0.11760000139474869 -0.20900000631809235 1.4921795677048455 0.07900000363588333 0.08640000224113464 0.5449414806032167 0.8094304566778266 0.6981393949882269 0.9572130722067812 0.09671637683346401 0.8071282732743802 0.9731157639793706 0.8294046642529949 0.577352145256762 0.22789827565154686 0.23279088636103018 0.6356844442644002 0.2095070307714877 0.6480353852465935 0.7291267979503492 1.8700421530398368 1.475763981279371 1.030880373342513 2025_02_10_19:35:21 -63276.16455078125
0.11760000139474869 -0.20900000631809235 1.4921795677048455 0.07900000363588333 0.08640000224113464 0.5449414806032167 0.8094304566778266 0.6981393949882269 0.9572130722067812 0.09671637683346401 0.8071282732743802 0.9731157639793706 0.8294046642529949 0.577352145256762 0.22789827565154686 0.23279088636103018 0.6356844442644002 0.2095070307714877 0.6480353852465935 0.7291267979503492 1.8787151770297577 1.477469649119268 1.0391840090895557 2025_02_10_19:35:21 -63476.898193359375
0.08100000023841858 -0.1770000010728836 0.8921795677048454 0.07900000363588333 0.188400000333786 0.5449414806032167 0.8094304566778266 0.6981393949882269 0.9572130722067812 0.09671637683346401 0.8071282732743802 0.9731157639793706 0.8294046642529949 0.577352145256762 0.22789827565154686 0.23279088636103018 0.6356844442644002 0.2095070307714877 0.6480353852465935 0.7291267979503492 1.8848626587245614 1.4778600147554493 1.0470226914379432 2025_02_10_19:35:23 -64793.13134765625
0.08100000023841858 -0.1770000010728836 1.4921795677048455 0.07900000363588333 0.188400000333786 0.5449414806032167 0.8094304566778266 0.6981393949882269 0.9572130722067812 0.09671637683346401 0.8071282732743802 0.9731157639793706 0.8294046642529949 0.577352145256762 0.22789827565154686 0.23279088636103018 0.6356844442644002 0.2095070307714877 0.6480353852465935 0.7291267979503492 1.8918297347561361 1.4788371838389172 1.0483615224941893 2025_02_10_19:35:23 -64994.255615234375
0.08100000023841858 -0.1770000010728836 1.4921795677048455 0.07900000363588333 0.188400000333786 0.5449414806032167 0.8094304566778266 0.6981393949882269 0.9572130722067812 0.09671637683346401 0.8071282732743802 0.9731157639793706 0.8294046642529949 0.577352145256762 0.22789827565154686 0.23279088636103018 0.6356844442644002 0.2095070307714877 0.6480353852465935 0.7291267979503492 1.8960653502304698 1.4824936247832818 1.0511171279229892 2025_02_10_19:35:23 -65195.015380859375
0.08100000023841858 -0.1770000010728836 1.4921795677048455 0.07900000363588333 0.188400000333786 0.5449414806032167 0.8094304566778266 0.6981393949882269 0.9572130722067812 0.09671637683346401 0.8071282732743802 0.9731157639793706 0.8294046642529949 0.577352145256762 0.22789827565154686 0.23279088636103018 0.6356844442644002 0.2095070307714877 0.6480353852465935 0.7291267979503492 1.8994497286935632 1.48799938692925 1.0580877020102337 2025_02_10_19:35:23 -65395.72705078125
0.11760000139474869 -0.20900000631809235 0.8921795677048454 -0.003000000026077032 0.08640000224113464 0.5449414806032167 0.8094304566778266 0.6981393949882269 0.9572130722067812 0.09671637683346401 0.8071282732743802 0.9731157639793706 0.8294046642529949 0.577352145256762 0.22789827565154686 0.23279088636103018 0.6356844442644002 0.2095070307714877 0.6480353852465935 0.7291267979503492 1.9058526418388646 1.4923891074146625 1.0601047744382939 2025_02_10_19:35:24 -65849.5126953125
0.11760000139474869 -0.20900000631809235 1.4921795677048455 -0.003000000026077032 0.08640000224113464 0.5449414806032167 0.8094304566778266 0.6981393949882269 0.9572130722067812 0.09671637683346401 0.8071282732743802 0.9731157639793706 0.8294046642529949 0.577352145256762 0.22789827565154686 0.23279088636103018 0.6356844442644002 0.2095070307714877 0.6480353852465935 0.7291267979503492 1.9067543004148162 1.4952340452850263 1.0684024224627868 2025_02_10_19:35:24 -66050.6279296875
0.11760000139474869 -0.20900000631809235 1.4921795677048455 -0.003000000026077032 0.08640000224113464 0.5449414806032167 0.8094304566778266 0.6981393949882269 0.9572130722067812 0.09671637683346401 0.8071282732743802 0.9731157639793706 0.8294046642529949 0.577352145256762 0.22789827565154686 0.23279088636103018 0.6356844442644002 0.2095070307714877 0.6480353852465935 0.7291267979503492 1.9164148549711473 1.5008657313230755 1.0761020943901252 2025_02_10_19:35:24 -66251.36791992188
0.11760000139474869 -0.20900000631809235 1.4921795677048455 -0.003000000026077032 0.08640000224113464 0.5449414806032167 0.8094304566778266 0.6981393949882269 0.9572130722067812 0.09671637683346401 0.8071282732743802 0.9731157639793706 0.8294046642529949 0.577352145256762 0.22789827565154686 0.23279088636103018 0.6356844442644002 0.2095070307714877 0.6480353852465935 0.7291267979503492 1.9246256018660726 1.5016260195284123 1.0854160567884819 2025_02_10_19:35:24 -66452.05151367188
0.08100000023841858 -0.19725710153579712 0.8921795677048454 0.07900000363588333 0.188400000333786 0.5449414806032167 0.8094304566778266 0.6981393949882269 0.9572130722067812 0.09671637683346401 0.8071282732743802 0.9731157639793706 0.8294046642529949 0.577352145256762 0.22789827565154686 0.23279088636103018 0.6356844442644002 0.2095070307714877 0.6480353852465935 0.7291267979503492 1.93076387161883 1.5092684616547676 1.090830796334512 2025_02_10_19:35:27 -69232.10498046875
0.08100000023841858 -0.19725710153579712 1.4921795677048455 0.07900000363588333 0.188400000333786 0.5449414806032167 0.8094304566778266 0.6981393949882269 0.9572130722067812 0.09671637683346401 0.8071282732743802 0.9731157639793706 0.8294046642529949 0.577352145256762 0.22789827565154686 0.23279088636103018 0.6356844442644002 0.2095070307714877 0.6480353852465935 0.7291267979503492 1.9325118752400205 1.5190335336071379 1.0978132420154734 2025_02_10_19:35:27 -69432.71166992188
0.08100000023841858 -0.19725710153579712 1.4921795677048455 0.07900000363588333 0.188400000333786 0.5449414806032167 0.8094304566778266 0.6981393949882269 0.9572130722067812 0.09671637683346401 0.8071282732743802 0.9731157639793706 0.8294046642529949 0.577352145256762 0.22789827565154686 0.23279088636103018 0.6356844442644002 0.2095070307714877 0.6480353852465935 0.7291267979503492 1.9338232669050077 1.5247924608992176 1.10009890951047 2025_02_10_19:35:28 -69633.03369140625
0.08100000023841858 -0.19725710153579712 1.4921795677048455 0.07900000363588333 0.188400000333786 0.5449414806032167 0.8094304566778266 0.6981393949882269 0.9572130722067812 0.09671637683346401 0.8071282732743802 0.9731157639793706 0.8294046642529949 0.577352145256762 0.22789827565154686 0.23279088636103018 0.6356844442644002 0.2095070307714877 0.6480353852465935 0.7291267979503492 1.9407286986646142 1.5253928246764579 1.1082370902025385 2025_02_10_19:35:28 -69833.97485351562
0.11760000139474869 -0.1770000010728836 0.8921795677048454 -0.003000000026077032 0.188400000333786 0.5449414806032167 0.8094304566778266 0.6981393949882269 0.9572130722067812 0.09671637683346401 0.8071282732743802 0.9731157639793706 0.8294046642529949 0.577352145256762 0.22789827565154686 0.23279088636103018 0.6356844442644002 0.2095070307714877 0.6480353852465935 0.7291267979503492 1.9480939603122358 1.53428914916784 1.112047800186667 2025_02_10_19:35:28 -70267.22387695312
0.11760000139474869 -0.1770000010728836 1.4921795677048455 -0.003000000026077032 0.188400000333786 0.5449414806032167 0.8094304566778266 0.6981393949882269 0.9572130722067812 0.09671637683346401 0.8071282732743802 0.9731157639793706 0.8294046642529949 0.577352145256762 0.22789827565154686 0.23279088636103018 0.6356844442644002 0.2095070307714877 0.6480353852465935 0.7291267979503492 1.9539631580474959 1.543944409496065 1.1161876907954036 2025_02_10_19:35:28 -70467.89331054688
0.11760000139474869 -0.1770000010728836 1.4921795677048455 -0.003000000026077032 0.188400000333786 0.5449414806032167 0.8094304566778266 0.6981393949882269 0.9572130722067812 0.09671637683346401 0.8071282732743802 0.9731157639793706 0.8294046642529949 0.577352145256762 0.22789827565154686 0.23279088636103018 0.6356844442644002 0.2095070307714877 0.6480353852465935 0.7291267979503492 1.9570568645829958 1.546418374689217 1.1190294435959844 2025_02_10_19:35:29 -70668.97534179688
0.11760000139474869 -0.1770000010728836 1.4921795677048455 -0.003000000026077032 0.188400000333786 0.5449414806032167 0.8094304566778266 0.6981393949882269 0.9572130722067812 0.09671637683346401 0.8071282732743802 0.9731157639793706 0.8294046642529949 0.577352145256762 0.22789827565154686 0.23279088636103018 0.6356844442644002 0.2095070307714877 0.6480353852465935 0.7291267979503492 1.9634521470701038 1.549514987970357 1.1225011265976257 2025_02_10_19:35:29 -70870.1201171875
0.11760000139474869 -0.20900000631809235 0.8921795677048454 0.07900000363588333 0.188400000333786 0.5449414806032167 0.8094304566778266 0.6981393949882269 0.9572130722067812 0.09671637683346401 0.8071282732743802 0.9731157639793706 0.8294046642529949 0.577352145256762 0.22789827565154686 0.23279088636103018 0.6356844442644002 0.2095070307714877 0.6480353852465935 0.7291267979503492 1.9671885858353741 1.5536323466610182 1.1281066701840219 2025_02_10_19:35:30 -72474.34399414062
0.11760000139474869 -0.20900000631809235 1.4921795677048455 0.07900000363588333 0.188400000333786 0.5449414806032167 0.8094304566778266 0.6981393949882269 0.9572130722067812 0.09671637683346401 0.8071282732743802 0.9731157639793706 0.8294046642529949 0.577352145256762 0.22789827565154686 0.23279088636103018 0.6356844442644002 0.2095070307714877 0.6480353852465935 0.7291267979503492 1.9733658799743994 1.5563536879655344 1.1343342079867775 2025_02_10_19:35:31 -72675.08276367188
0.11760000139474869 -0.20900000631809235 1.4921795677048455 0.07900000363588333 0.188400000333786 0.5449414806032167 0.8094304566778266 0.6981393949882269 0.9572130722067812 0.09671637683346401 0.8071282732743802 0.9731157639793706 0.8294046642529949 0.577352145256762 0.22789827565154686 0.23279088636103018 0.6356844442644002 0.2095070307714877 0.6480353852465935 0.7291267979503492 1.9828823203917254 1.5569140714095533 1.1420907370939029 2025_02_10_19:35:31 -72875.84204101562
0.11760000139474869 -0.20900000631809235 1.4921795677048455 0.07900000363588333 0.188400000333786 0.5449414806032167 0.8094304566778266 0.6981393949882269 0.9572130722067812 0.09671637683346401 0.8071282732743802 0.9731157639793706 0.8294046642529949 0.577352145256762 0.22789827565154686 0.23279088636103018 0.6356844442644002 0.2095070307714877 0.6480353852465935 0.7291267979503492 1.9861129522765544 1.5632057139508604 1.1425125962498501 2025_02_10_19:35:31 -73076.81640625
0.08100000023841858 -0.1770000010728836 0.8921795677048454 0.07900000363588333 0.08640000224113464 0.5449414806032167 0.8094304566778266 0.6981393949882269 0.9572130722067812 0.09671637683346401 0.8071282732743802 0.9731157639793706 0.8294046642529949 0.577352145256762 0.22789827565154686 0.23279088636103018 0.6356844442644002 0.2095070307714877 0.6480353852465935 0.7291267979503492 1.9898269389095866 1.5641005129783572 1.1440895808118239 2025_02_10_19:35:31 -73521.30932617188
0.08100000023841858 -0.1770000010728836 1.4921795677048455 0.07900000363588333 0.08640000224113464 0.5449414806032167 0.8094304566778266 0.6981393949882269 0.9572130722067812 0.09671637683346401 0.8071282732743802 0.9731157639793706 0.8294046642529949 0.577352145256762 0.22789827565154686 0.23279088636103018 0.6356844442644002 0.2095070307714877 0.6480353852465935 0.7291267979503492 1.998813569352287 1.5689535343099823 1.1484645808534746 2025_02_10_19:35:32 -73722.36328125
0.08100000023841858 -0.1770000010728836 1.4921795677048455 0.07900000363588333 0.08640000224113464 0.5449414806032167 0.8094304566778266 0.6981393949882269 0.9572130722067812 0.09671637683346401 0.8071282732743802 0.9731157639793706 0.8294046642529949 0.577352145256762 0.22789827565154686 0.23279088636103018 0.6356844442644002 0.2095070307714877 0.6480353852465935 0.7291267979503492 2.007381862235629 1.5767136999879616 1.150852446435635 2025_02_10_19:35:32 -73923.20849609375
0.08100000023841858 -0.1770000010728836 1.4921795677048455 0.07900000363588333 0.08640000224113464 0.5449414806032167 0.8094304566778266 0.6981393949882269 0.9572130722067812 0.09671637683346401 0.8071282732743802 0.9731157639793706 0.8294046642529949 0.577352145256762 0.22789827565154686 0.23279088636103018 0.6356844442644002 0.2095070307714877 0.6480353852465935 0.7291267979503492 2.0157448575016943 1.5832929125708113 1.156110660061779 2025_02_10_19:35:32 -74124.39331054688
0.08100000023841858 -0.20900000631809235 0.8921795677048454 -0.003000000026077032 0.08640000224113464 0.5449414806032167 0.8094304566778266 0.6981393949882269 0.9572130722067812 0.09671637683346401 0.8071282732743802 0.9731157639793706 0.8294046642529949 0.577352145256762 0.22789827565154686 0.23279088636103018 0.6356844442644002 0.2095070307714877 0.6480353852465935 0.7291267979503492 2.0164487387977967 1.586331958059492 1.1655566948818514 2025_02_10_19:35:34 -75682.83129882812
0.08100000023841858 -0.20900000631809235 1.4921795677048455 -0.003000000026077032 0.08640000224113464 0.5449414806032167 0.8094304566778266 0.6981393949882269 0.9572130722067812 0.09671637683346401 0.8071282732743802 0.9731157639793706 0.8294046642529949 0.577352145256762 0.22789827565154686 0.23279088636103018 0.6356844442644002 0.2095070307714877 0.6480353852465935 0.7291267979503492 2.0198238675034124 1.5879137226184852 1.1755410306023844 2025_02_10_19:35:34 -75883.85913085938
0.08100000023841858 -0.20900000631809235 1.4921795677048455 -0.003000000026077032 0.08640000224113464 0.5449414806032167 0.8094304566778266 0.6981393949882269 0.9572130722067812 0.09671637683346401 0.8071282732743802 0.9731157639793706 0.8294046642529949 0.577352145256762 0.22789827565154686 0.23279088636103018 0.6356844442644002 0.2095070307714877 0.6480353852465935 0.7291267979503492 2.02578149576965 1.5930898162068885 1.1854751506979297 2025_02_10_19:35:34 -76084.9560546875
0.08100000023841858 -0.20900000631809235 1.4921795677048455 -0.003000000026077032 0.08640000224113464 0.5449414806032167 0.8094304566778266 0.6981393949882269 0.9572130722067812 0.09671637683346401 0.8071282732743802 0.9731157639793706 0.8294046642529949 0.577352145256762 0.22789827565154686 0.23279088636103018 0.6356844442644002 0.2095070307714877 0.6480353852465935 0.7291267979503492 2.0297794782544276 1.6022686342403332 1.1928178102367055 2025_02_10_19:35:34 -76285.81274414062
0.11760000139474869 -0.19362592697143555 0.8921795677048454 0.07900000363588333 0.188400000333786 0.5449414806032167 0.8094304566778266 0.6981393949882269 0.9572130722067812 0.09671637683346401 0.8071282732743802 0.9731157639793706 0.8294046642529949 0.577352145256762 0.22789827565154686 0.23279088636103018 0.6356844442644002 0.2095070307714877 0.6480353852465935 0.7291267979503492 2.036307270086031 1.6082916505834985 1.1929321540463316 2025_02_10_19:35:35 -77391.31298828125
0.11760000139474869 -0.19362592697143555 1.4921795677048455 0.07900000363588333 0.188400000333786 0.5449414806032167 0.8094304566778266 0.6981393949882269 0.9572130722067812 0.09671637683346401 0.8071282732743802 0.9731157639793706 0.8294046642529949 0.577352145256762 0.22789827565154686 0.23279088636103018 0.6356844442644002 0.2095070307714877 0.6480353852465935 0.7291267979503492 2.036800381066732 1.612283563578968 1.193782943921014 2025_02_10_19:35:36 -77592.35473632812
0.11760000139474869 -0.19362592697143555 1.4921795677048455 0.07900000363588333 0.188400000333786 0.5449414806032167 0.8094304566778266 0.6981393949882269 0.9572130722067812 0.09671637683346401 0.8071282732743802 0.9731157639793706 0.8294046642529949 0.577352145256762 0.22789827565154686 0.23279088636103018 0.6356844442644002 0.2095070307714877 0.6480353852465935 0.7291267979503492 2.0369377139936664 1.6192215158295293 1.1948957238441786 2025_02_10_19:35:36 -77893.80126953125
0.11760000139474869 -0.19362592697143555 1.4921795677048455 0.07900000363588333 0.188400000333786 0.5449414806032167 0.8094304566778266 0.6981393949882269 0.9572130722067812 0.09671637683346401 0.8071282732743802 0.9731157639793706 0.8294046642529949 0.577352145256762 0.22789827565154686 0.23279088636103018 0.6356844442644002 0.2095070307714877 0.6480353852465935 0.7291267979503492 2.04348529271182 1.6193048575820137 1.1987821753165484 2025_02_10_19:35:36 -78195.52880859375
